The 0-th figure
	 The 0-th dots
		 (0.07816228375422309,1.0046287886136511)
		 (0.922887875323126,1.0046287886136511)
		 (0.922887875323126,0.9979796999973494)
		 (1.2821789868761138,0.9979796999973494)
		 (1.2821789868761138,0.9927239217276997)
		 (1.7171561195068552,0.9927239217276997)
		 (1.7171561195068552,0.981180610058285)
		 (1.792842140584609,0.981180610058285)
		 (1.792842140584609,0.9734821294720362)
		 (1.8400682292702317,0.9734821294720362)
		 (1.8400682292702317,0.9668330408557352)
		 (1.881080358918271,0.9668330408557352)
		 (1.881080358918271,0.9542403372163724)
		 (1.9218439302048058,0.9542403372163724)
		 (1.9218439302048058,0.9426882071270424)
		 (2.1298872787830563,0.9426882071270424)
		 (2.1298872787830563,0.9381379024506346)
		 (2.322271450586596,0.9381379024506346)
		 (2.322271450586596,0.9335875977742258)
		 (3.2741256959634084,0.9335875977742258)
		 (3.2741256959634084,0.9272912459545455)
		 (3.677535916683231,0.9272912459545455)
		 (3.677535916683231,0.9171412446317819)
		 (3.9518200686021006,0.9171412446317819)
		 (3.9518200686021006,0.9111976296087221)
		 (5.2818558610061555,0.9111976296087221)
		 (5.2818558610061555,0.904204622615715)
		 (5.32895767051103,0.904204622615715)
		 (5.32895767051103,0.900694891489339)
		 (5.426765385762568,0.900694891489339)
		 (5.426765385762568,0.8877494510533557)
		 (5.4645462567110705,0.8877494510533557)
		 (5.4645462567110705,0.8744512738207519)
		 (5.779718259097231,0.8744512738207519)
		 (5.779718259097231,0.8667439748145888)
		 (7.173012154503873,0.8667439748145888)
		 (7.173012154503873,0.8576521838816876)
		 (7.339919094253321,0.8576521838816876)
		 (7.339919094253321,0.8485692113687028)
		 (7.390252162457739,0.8485692113687028)
		 (7.390252162457739,0.8401652571892129)
		 (7.519502510439441,0.8401652571892129)
		 (7.519502510439441,0.833516168572911)
		 (7.683551029031605,0.833516168572911)
		 (7.683551029031605,0.828957045476587)
		 (7.84101275104394,0.828957045476587)
		 (7.84101275104394,0.8219640384835799)
		 (8.395670734738507,0.8219640384835799)
		 (8.395670734738507,0.8184631257771193)
		 (9.174155522966783,0.8184631257771193)
		 (9.174155522966783,0.806567077311083)
		 (9.284266877112733,0.806567077311083)
		 (9.284266877112733,0.7918755897318281)
		 (10.548310424537673,0.7918755897318281)
		 (10.548310424537673,0.7845298459422007)
		 (10.668115554782254,0.7845298459422007)
		 (10.668115554782254,0.7736743710261953)
		 (11.027530945515998,0.7736743710261953)
		 (11.027530945515998,0.7561786259138052)
		 (11.140997837542248,0.7561786259138052)
		 (11.140997837542248,0.7488328821241778)
		 (11.415157710280361,0.7488328821241778)
		 (11.415157710280361,0.7449792326210956)
		 (11.704976759793192,0.7449792326210956)
		 (11.704976759793192,0.7393795359747407)
		 (11.834102828594146,0.7393795359747407)
		 (11.834102828594146,0.734829231298332)
		 (12.650617046132423,0.734829231298332)
		 (12.650617046132423,0.7246792299755695)
		 (12.908993462915083,0.7246792299755695)
		 (12.908993462915083,0.7208343988924028)
		 (13.02867431397891,0.7208343988924028)
		 (13.02867431397891,0.7036913905766332)
		 (14.588875149135006,0.7036913905766332)
		 (14.588875149135006,0.692844734080544)
		 (14.922937586995415,0.692844734080544)
		 (14.922937586995415,0.6840880431044328)
		 (15.43024520282361,0.6840880431044328)
		 (15.43024520282361,0.6718480762616924)
		 (16.769974771326297,0.6718480762616924)
		 (16.769974771326297,0.6588849989858785)
		 (17.044383202425916,0.6588849989858785)
		 (17.044383202425916,0.6378971595869422)
		 (19.297440470272406,0.6378971595869422)
		 (19.297440470272406,0.5798014091835001)
		 (22.944288750248543,0.5798014091835001)
		 (22.944288750248543,0.5780641804601427)
	 The 1-th dots
		 (0.12556236329289688,1.0063765994409066)
		 (0.9574871992443799,1.0063765994409066)
		 (0.9574871992443799,1.002646407816642)
		 (1.3063388596142294,1.002646407816642)
		 (1.3063388596142294,0.9975140874258095)
		 (1.6172853698548348,0.9975140874258095)
		 (1.6172853698548348,0.9643832838032033)
		 (1.676193701531111,0.9643832838032033)
		 (1.676193701531111,0.9480603885395757)
		 (1.8316669566514174,0.9480603885395757)
		 (1.8316669566514174,0.898130494977905)
		 (2.1089338089083265,0.898130494977905)
		 (2.1089338089083265,0.881340223458756)
		 (2.8654211821435602,0.881340223458756)
		 (2.8654211821435602,0.8761990846480083)
		 (3.432879921455554,0.8761990846480083)
		 (3.432879921455554,0.8706082064215689)
		 (3.7185977580035727,0.8706082064215689)
		 (3.7185977580035727,0.8580066843622908)
		 (4.008541086697146,0.8580066843622908)
		 (4.008541086697146,0.8500789248582388)
		 (5.353117543249145,0.8500789248582388)
		 (5.353117543249145,0.8407490365876191)
		 (5.403574890634312,0.8407490365876191)
		 (5.403574890634312,0.8248758807396843)
		 (5.48348640385762,0.8248758807396843)
		 (5.48348640385762,0.8034206650852256)
		 (5.525492766951671,0.8034206650852256)
		 (5.525492766951671,0.7926974664679538)
		 (5.596953295883862,0.7926974664679538)
		 (5.596953295883862,0.7856868226351162)
		 (5.7525508301849175,0.7856868226351162)
		 (5.7525508301849175,0.7800871259887603)
		 (6.8618667975740655,0.7800871259887603)
		 (6.8618667975740655,0.7744874293424056)
		 (7.03834323424139,0.7744874293424056)
		 (7.03834323424139,0.7674856039294832)
		 (7.181140012925025,0.7674856039294832)
		 (7.181140012925025,0.7604925969364762)
		 (7.3620905000994155,0.7604925969364762)
		 (7.3620905000994155,0.7413654441397145)
		 (7.64345856532113,0.7413654441397145)
		 (7.64345856532113,0.732035555869095)
		 (7.794706328295875,0.732035555869095)
		 (7.794706328295875,0.7283053642448302)
		 (8.70654267747066,0.7283053642448302)
		 (8.70654267747066,0.7189754759742107)
		 (8.963054906542048,0.7189754759742107)
		 (8.963054906542048,0.7128995846524181)
		 (9.160534524756404,0.7128995846524181)
		 (9.160534524756404,0.702167567615231)
		 (9.231995053688596,0.702167567615231)
		 (9.231995053688596,0.6797775994497262)
		 (9.78665303738317,0.6797775994497262)
		 (9.78665303738317,0.6667087011349264)
		 (10.383441663352542,0.6667087011349264)
		 (10.383441663352542,0.6606416282330492)
		 (10.95910282859414,0.6606416282330492)
		 (10.95910282859414,0.6443099145495073)
		 (11.076670933585197,0.6443099145495073)
		 (11.076670933585197,0.6251827617527457)
		 (11.303728996818442,0.6251827617527457)
		 (11.303728996818442,0.616787625993171)
		 (12.707462343408217,0.616787625993171)
		 (12.707462343408217,0.606990361467029)
		 (12.812353971962606,0.606990361467029)
		 (12.812353971962606,0.5831982645349566)
		 (13.009833590176957,0.5831982645349566)
		 (13.009833590176957,0.5584714150918403)
		 (13.350358545436452,0.5584714150918403)
		 (13.350358545436452,0.5468046455436081)
		 (13.61084770829189,0.5468046455436081)
		 (13.61084770829189,0.5342119419042463)
		 (14.14450251043944,0.5342119419042463)
		 (14.14450251043944,0.5202082910784017)
		 (14.632049736528119,0.5202082910784017)
		 (14.632049736528119,0.5057372639970334)
		 (15.039561170212753,0.5057372639970334)
		 (15.039561170212753,0.4936207550331105)
		 (15.182482228077138,0.4936207550331105)
		 (15.182482228077138,0.4814866092293549)
		 (15.342180975342998,0.4814866092293549)
		 (15.342180975342998,0.4777475991851748)
		 (15.833705135215734,0.4777475991851748)
		 (15.833705135215734,0.4721567209587353)
		 (16.039760016901948,0.4721567209587353)
		 (16.039760016901948,0.465154895545813)
		 (16.430742319546617,0.465154895545813)
		 (16.430742319546617,0.432032910343122)
		 (18.28386918373432,0.432032910343122)
		 (18.28386918373432,0.4259570190213294)
		 (18.384535320143158,0.4259570190213294)
		 (18.384535320143158,0.4054277374579992)
		 (19.141022693378392,0.4054277374579992)
		 (19.141022693378392,0.3699688709776957)
		 (21.002849100218715,0.3699688709776957)
		 (21.002849100218715,0.19220716232065363)
		 (21.221331899980097,0.19220716232065363)