The 0-th figure
	 The 0-th dots
		 (-0.2295081001472745,100.92840414854449)
		 (0.06268630338733747,100.92840414854449)
		 (0.2582680412371129,100.92840414854449)
		 (0.5528188512518405,100.92840414854449)
		 (0.5528188512518405,100.62730010036782)
		 (0.6164418262150241,100.62730010036782)
		 (1.0735846833578808,100.62730010036782)
		 (1.0735846833578808,100.31783205085293)
		 (1.5283711340206219,100.31783205085293)
		 (1.5283711340206219,100.01672800267627)
		 (1.5590044182621525,100.01672800267627)
		 (1.8865449189985264,100.01672800267627)
		 (1.9195346097201795,100.01672800267627)
		 (2.732494845360825,100.01672800267627)
		 (3.677413843888076,100.01672800267627)
		 (3.677413843888076,99.71562395449962)
		 (5.564895434462448,99.71562395449962)
		 (5.564895434462448,99.40615590498473)
		 (5.600241531664217,99.40615590498473)
		 (6.055027982326951,99.40615590498473)
		 (6.055027982326951,99.09668785546984)
		 (6.283599410898386,99.09668785546984)
		 (6.283599410898386,98.78721980595503)
		 (7.032936671575849,98.78721980595503)
		 (7.032936671575849,98.48611575777838)
		 (7.520712812960243,98.48611575777838)
		 (7.520712812960243,98.17664770826349)
		 (7.61496907216495,98.17664770826349)
		 (7.61496907216495,97.8671796587486)
		 (7.650315169366719,97.8671796587486)
		 (7.650315169366719,97.5577116092337)
		 (7.7162945508100185,97.5577116092337)
		 (7.7162945508100185,97.25660756105705)
		 (8.039122238586161,97.25660756105705)
		 (8.039122238586161,96.93877551020393)
		 (8.204070692194405,96.93877551020393)
		 (9.179622974963188,96.93877551020393)
		 (9.179622974963188,96.62930746068903)
		 (9.4058379970545,96.62930746068903)
		 (9.4058379970545,96.31983941117414)
		 (10.744276877761417,96.31983941117414)
		 (11.135440353460975,96.31983941117414)
		 (11.135440353460975,96.01037136165925)
		 (11.331022091310757,96.01037136165925)
		 (11.331022091310757,95.70926731348258)
		 (11.361655375552287,95.70926731348258)
		 (11.361655375552287,95.39143526262947)
		 (11.656206185567015,95.39143526262947)
		 (11.656206185567015,95.08196721311458)
		 (11.981390279823273,95.08196721311458)
		 (13.967840942562598,95.08196721311458)
		 (13.967840942562598,94.77249916359969)
		 (14.424983799705455,94.77249916359969)
		 (15.33455670103093,94.77249916359969)
		 (16.083893961708398,94.77249916359969)
		 (16.083893961708398,94.45466711274656)
		 (16.149873343151704,94.45466711274656)
		 (16.21349631811488,94.45466711274656)
		 (16.21349631811488,94.14519906323167)
		 (16.475057437407962,94.14519906323167)
		 (16.703628865979386,94.14519906323167)
		 (16.703628865979386,93.82736701237855)
		 (16.80024153166422,93.82736701237855)
		 (16.80024153166422,93.19170291067229)
		 (17.483599410898385,93.19170291067229)
		 (17.483599410898385,92.87387085981918)
		 (17.646191458026514,92.87387085981918)
		 (17.646191458026514,92.55603880896605)
		 (18.03735493372608,92.55603880896605)
		 (18.03735493372608,92.23820675811292)
		 (18.2659263622975,92.23820675811292)
		 (18.36018262150222,92.23820675811292)
		 (18.36018262150222,91.9203747072598)
		 (18.657089837997063,91.9203747072598)
		 (18.657089837997063,91.60254265640668)
		 (19.208488954344627,91.60254265640668)
		 (19.208488954344627,91.28471060555356)
		 (19.30745802650958,91.28471060555356)
		 (19.602008836524305,91.28471060555356)
		 (19.602008836524305,90.96687855470043)
		 (19.927192930780567,90.96687855470043)
		 (19.927192930780567,90.6490465038473)
		 (19.990815905743748,90.6490465038473)
		 (19.990815905743748,90.32285045165595)
		 (20.447958762886607,90.32285045165595)
		 (20.447958762886607,90.00501840080283)
		 (21.685072164948462,90.00501840080283)
		 (21.91364359351989,90.00501840080283)
		 (21.91364359351989,89.68718634994961)
		 (22.366073637702517,89.68718634994961)
		 (22.366073637702517,89.36935429909649)
		 (22.467399116347575,89.36935429909649)
		 (22.467399116347575,89.04315824690512)
		 (22.62999116347571,89.04315824690512)
		 (22.62999116347571,88.72532619605201)
		 (22.856206185567018,88.72532619605201)
		 (23.214379970544922,88.72532619605201)
		 (23.214379970544922,88.39913014386065)
		 (23.2497260677467,88.39913014386065)
		 (23.2497260677467,88.0729340916693)
		 (23.541920471281305,88.0729340916693)
		 (23.541920471281305,87.4289059886248)
		 (23.671522827687788,87.4289059886248)
		 (23.671522827687788,87.11107393777168)
		 (23.770491899852733,87.11107393777168)
		 (23.770491899852733,86.80160588825679)
		 (23.834114874815917,86.80160588825679)
		 (23.834114874815917,86.4670458347272)
		 (23.897737849779098,86.4670458347272)
		 (23.897737849779098,86.14921378387407)
		 (23.963717231222393,86.14921378387407)
		 (23.963717231222393,85.82301773168273)
		 (24.550462444771732,85.82301773168273)
		 (24.550462444771732,85.5051856808295)
		 (24.8096671575847,85.5051856808295)
		 (24.8096671575847,85.17898962863815)
		 (24.840300441826226,85.17898962863815)
		 (24.840300441826226,84.86115757778502)
		 (25.104217967599425,84.86115757778502)
		 (25.104217967599425,84.5433255269319)
		 (25.46239175257733,84.5433255269319)
		 (25.46239175257733,84.21712947474055)
		 (25.657973490427104,84.21712947474055)
		 (25.657973490427104,83.89929742388742)
		 (25.853555228276893,83.89929742388742)
		 (25.853555228276893,83.57310137169607)
		 (26.211729013254796,83.57310137169607)
		 (26.211729013254796,82.92907326865158)
		 (26.440300441826235,82.92907326865158)
		 (27.448842415316655,82.92907326865158)
		 (27.448842415316655,82.60287721646023)
		 (27.73868041237115,82.60287721646023)
		 (27.73868041237115,81.95884911341575)
		 (27.774026509572913,81.95884911341575)
		 (27.774026509572913,81.63265306122429)
		 (27.969608247422688,81.63265306122429)
		 (28.002597938144348,81.63265306122429)
		 (28.002597938144348,81.30645700903294)
		 (28.294792341678946,81.30645700903294)
		 (28.294792341678946,80.98026095684158)
		 (29.597885125184106,80.98026095684158)
		 (29.597885125184106,80.65406490465023)
		 (29.69449779086893,80.65406490465023)
		 (29.69449779086893,80.32786885245886)
		 (30.314232695139918,80.32786885245886)
		 (30.314232695139918,80.00167280026751)
		 (30.4438350515464,80.00167280026751)
		 (30.738385861561127,80.00167280026751)
		 (30.738385861561127,79.67547674807615)
		 (30.769019145802673,79.67547674807615)
		 (31.12954933726069,79.67547674807615)
		 (31.12954933726069,79.35764469722304)
		 (31.160182621502223,79.35764469722304)
		 (31.160182621502223,79.02308464369335)
		 (31.195528718703983,79.02308464369335)
		 (31.195528718703983,78.68852459016377)
		 (31.45473343151695,78.68852459016377)
		 (31.45473343151695,78.3623285379724)
		 (31.52071281296024,78.3623285379724)
		 (31.52071281296024,78.03613248578105)
		 (31.650315169366724,78.03613248578105)
		 (31.650315169366724,77.70157243225145)
		 (31.713938144329916,77.70157243225145)
		 (32.65885714285716,77.70157243225145)
		 (32.65885714285716,77.3753763800601)
		 (32.72483652430045,77.3753763800601)
		 (32.82144918998527,77.3753763800601)
		 (32.82144918998527,77.04081632653052)
		 (32.88742857142858,77.04081632653052)
		 (32.88742857142858,76.71462027433905)
		 (33.375204712812966,76.71462027433905)
		 (33.375204712812966,76.38006022080947)
		 (33.6697555228277,76.38006022080947)
		 (33.6697555228277,76.05386416861812)
		 (33.73337849779087,76.05386416861812)
		 (33.73337849779087,75.71930411508852)
		 (33.89597054491902,75.71930411508852)
		 (33.89597054491902,75.38474406155893)
		 (33.95959351988219,75.38474406155893)
		 (33.95959351988219,75.05854800936758)
		 (34.416736377025046,75.05854800936758)
		 (34.416736377025046,74.7239879558379)
		 (34.51334904270988,74.7239879558379)
		 (34.51334904270988,74.38942790230831)
		 (34.58168483063329,74.38942790230831)
		 (34.58168483063329,74.06323185011695)
		 (34.71128718703978,74.06323185011695)
		 (34.71128718703978,73.7370357979256)
		 (34.84088954344626,73.7370357979256)
		 (35.491257731958775,73.7370357979256)
		 (35.491257731958775,73.39411174305778)
		 (35.55723711340207,73.39411174305778)
		 (35.55723711340207,73.06791569086631)
		 (35.590226804123716,73.06791569086631)
		 (35.590226804123716,72.73335563733673)
		 (35.7858085419735,72.73335563733673)
		 (35.7858085419735,72.39879558380714)
		 (36.17461561119294,72.39879558380714)
		 (36.17461561119294,72.08096353295402)
		 (36.20760530191458,72.08096353295402)
		 (36.20760530191458,71.72967547674797)
		 (37.05591163475701,71.72967547674797)
		 (37.05591163475701,71.41184342589484)
		 (37.15252430044183,71.41184342589484)
		 (37.15252430044183,71.07728337236526)
		 (37.31511634756997,71.07728337236526)
		 (37.31511634756997,70.74272331883557)
		 (37.77225920471283,70.74272331883557)
		 (37.77225920471283,70.40816326530597)
		 (38.00083063328425,70.40816326530597)
		 (38.00083063328425,70.07360321177639)
		 (38.033820324005895,70.07360321177639)
		 (38.033820324005895,69.7390431582468)
		 (38.09744329896909,69.7390431582468)
		 (38.519240058910185,69.7390431582468)
		 (38.519240058910185,69.40448310471722)
		 (38.714821796759956,69.40448310471722)
		 (38.714821796759956,69.06992305118753)
		 (39.00937260677468,69.06992305118753)
		 (39.00937260677468,68.73536299765794)
		 (39.268577319587635,68.73536299765794)
		 (39.268577319587635,68.40080294412834)
		 (39.36754639175259,68.40080294412834)
		 (39.36754639175259,68.06624289059876)
		 (39.53013843888072,68.06624289059876)
		 (39.53013843888072,67.73168283706917)
		 (39.56312812960236,67.73168283706917)
		 (39.56312812960236,67.39712278353949)
		 (40.37608836524302,67.39712278353949)
		 (40.37608836524302,67.0625627300099)
		 (40.637649484536105,67.0625627300099)
		 (40.637649484536105,66.72800267648032)
		 (41.38698674521356,66.72800267648032)
		 (41.38698674521356,66.39344262295072)
		 (41.58021207658324,66.39344262295072)
		 (41.58021207658324,66.05888256942113)
		 (41.940742268041255,66.05888256942113)
		 (41.940742268041255,65.73268651722968)
		 (42.103334315169384,65.73268651722968)
		 (42.39552871870398,65.73268651722968)
		 (42.39552871870398,65.05520240883227)
		 (42.55812076583212,65.05520240883227)
		 (42.55812076583212,64.72064235530267)
		 (43.40642709867455,64.72064235530267)
		 (43.40642709867455,64.38608230177309)
		 (43.566662739322545,64.38608230177309)
		 (43.76224447717233,64.38608230177309)
		 (43.76224447717233,64.0515222482434)
		 (45.16430633284242,64.0515222482434)
		 (45.16430633284242,63.716962194713815)
		 (45.520123711340226,63.716962194713815)
		 (46.27181737849781,63.716962194713815)
		 (46.27181737849781,63.365674138507764)
		 (46.531022091310774,63.365674138507764)
		 (46.531022091310774,63.02275008363985)
		 (46.985808541973505,63.02275008363985)
		 (46.985808541973505,62.688190030110256)
		 (47.117767304860116,62.688190030110256)
		 (47.117767304860116,62.345265975242434)
		 (47.15075699558176,62.345265975242434)
		 (47.15075699558176,62.01070592171285)
		 (47.17903387334317,62.01070592171285)
		 (47.343982326951405,62.01070592171285)
		 (47.343982326951405,61.667781866845026)
		 (47.671522827687795,61.667781866845026)
		 (47.671522827687795,61.32485781197711)
		 (47.867104565537566,61.32485781197711)
		 (47.867104565537566,60.98193375710929)
		 (47.963717231222404,60.98193375710929)
		 (47.963717231222404,60.647373703579696)
		 (48.09331958762889,60.647373703579696)
		 (48.09331958762889,60.296085647373545)
		 (48.12630927835053,60.296085647373545)
		 (48.35488070692197,60.296085647373545)
		 (48.35488070692197,59.95316159250573)
		 (48.680064801178226,59.95316159250573)
		 (48.680064801178226,59.61860153897614)
		 (49.36342268041239,59.61860153897614)
		 (49.36342268041239,59.267313482769985)
		 (49.39405596465392,59.267313482769985)
		 (49.39405596465392,58.92438942790216)
		 (49.818209131075115,58.92438942790216)
		 (49.818209131075115,58.58146537303435)
		 (50.308341678939634,58.58146537303435)
		 (50.308341678939634,58.238541318166526)
		 (50.40495434462446,58.238541318166526)
		 (50.40495434462446,57.895617263298604)
		 (51.286250368188526,57.895617263298604)
		 (51.286250368188526,57.54432920709255)
		 (51.4794756995582,57.54432920709255)
		 (51.4794756995582,57.20976915356296)
		 (51.54545508100149,57.20976915356296)
		 (51.54545508100149,56.85848109735691)
		 (51.67741384388809,56.85848109735691)
		 (51.67741384388809,56.52392104382722)
		 (52.457384388807085,56.52392104382722)
		 (52.457384388807085,56.164268986282934)
		 (54.1516406480118,56.164268986282934)
		 (54.73602945508101,56.164268986282934)
		 (54.73602945508101,55.82134493141512)
		 (54.76666273932254,55.82134493141512)
		 (54.76666273932254,55.47005687520897)
		 (55.81055081001475,55.47005687520897)
		 (55.81055081001475,55.127132820341146)
		 (56.46327540500739,55.127132820341146)
		 (56.625867452135516,55.127132820341146)
		 (56.625867452135516,54.76748076279686)
		 (56.85443888070694,54.76748076279686)
		 (56.85443888070694,54.43292070926717)
		 (56.981684830633306,54.43292070926717)
		 (56.981684830633306,53.72198059551683)
		 (58.71128718703978,53.72198059551683)
		 (58.71128718703978,53.37069253931068)
		 (58.970491899852746,53.37069253931068)
		 (58.970491899852746,53.02776848444286)
		 (59.39464506627395,53.02776848444286)
		 (59.39464506627395,52.67648042823681)
		 (59.8494315169367,52.67648042823681)
		 (59.8494315169367,52.325192372030656)
		 (60.110992636229774,52.325192372030656)
		 (60.7613608247423,52.325192372030656)
		 (60.7613608247423,51.973904315824605)
		 (61.055911634757024,51.973904315824605)
		 (61.055911634757024,51.622616259618454)
		 (61.34810603829164,51.622616259618454)
		 (61.34810603829164,51.2713282034124)
		 (61.83588217967601,51.2713282034124)
		 (61.83588217967601,50.92004014720634)
		 (63.13897496318119,50.92004014720634)
		 (63.13897496318119,50.56038808966196)
		 (63.301567010309306,50.56038808966196)
		 (63.301567010309306,50.20910003345591)
		 (64.01791458026511,50.20910003345591)
		 (64.01791458026511,49.85781197724976)
		 (64.47505743740798,49.85781197724976)
		 (64.47505743740798,49.50652392104371)
		 (64.50569072164951,49.50652392104371)
		 (64.50569072164951,49.163599866175886)
		 (65.22203829160533,49.163599866175886)
		 (65.22203829160533,48.803947808631506)
		 (65.25267157584685,48.803947808631506)
		 (65.25267157584685,48.44429575108722)
		 (66.49214138438883,48.44429575108722)
		 (66.49214138438883,48.09300769488116)
		 (67.20848895434466,48.09300769488116)
		 (67.20848895434466,47.741719638675015)
		 (67.82822385861564,47.741719638675015)
		 (67.82822385861564,47.390431582468956)
		 (68.08742857142862,47.390431582468956)
		 (68.08742857142862,47.039143526262905)
		 (68.18639764359355,47.039143526262905)
		 (68.34898969072167,47.039143526262905)
		 (68.34898969072167,46.68785547005675)
		 (68.60819440353464,46.68785547005675)
		 (68.60819440353464,46.328203412512465)
		 (69.09832695139914,46.328203412512465)
		 (69.09832695139914,45.98527935764464)
		 (69.68271575846838,45.98527935764464)
		 (69.68271575846838,45.61726329876203)
		 (69.78168483063331,45.61726329876203)
		 (69.78168483063331,45.265975242555974)
		 (70.10686892488957,45.265975242555974)
		 (70.10686892488957,44.906323185011594)
		 (71.70215611192933,44.906323185011594)
		 (71.70215611192933,44.56339913014377)
		 (72.02734020618558,44.56339913014377)
		 (72.02734020618558,44.19538307126116)
		 (72.61408541973493,44.19538307126116)
		 (72.61408541973493,43.8440950150551)
		 (72.90863622974966,43.8440950150551)
		 (72.90863622974966,43.49280695884905)
		 (72.97225920471283,43.49280695884905)
		 (72.97225920471283,43.1415189026429)
		 (73.0052488954345,43.1415189026429)
		 (73.0052488954345,42.78186684509861)
		 (73.29979970544923,42.78186684509861)
		 (73.29979970544923,42.42221478755423)
		 (73.55900441826218,42.42221478755423)
		 (73.62498379970549,42.42221478755423)
		 (73.72159646539032,42.42221478755423)
		 (73.88418851251843,42.42221478755423)
		 (73.9171782032401,42.42221478755423)
		 (74.30834167893966,42.42221478755423)
		 (74.37196465390284,42.42221478755423)
		 (74.43794403534612,42.42221478755423)
		 (74.53455670103095,42.42221478755423)
		 (74.53455670103095,42.054198728671714)
		 (74.56754639175261,42.054198728671714)
		 (74.76312812960238,42.054198728671714)
		 (74.79611782032403,42.054198728671714)
		 (74.82910751104568,42.054198728671714)
		 (74.82910751104568,41.64436266309794)
		 (74.89037407952877,41.64436266309794)
		 (74.92572017673052,41.64436266309794)
		 (75.15429160530196,41.64436266309794)
		 (75.18728129602361,41.64436266309794)
		 (75.2532606774669,41.64436266309794)
		 (75.28389396170843,41.64436266309794)
		 (75.4134963181149,41.64436266309794)
		 (75.44648600883654,41.64436266309794)
		 (75.47947569955822,41.64436266309794)
		 (75.51246539027987,41.64436266309794)
		 (75.5454550810015,41.64436266309794)
		 (75.67505743740799,41.64436266309794)
		 (75.70804712812962,41.64436266309794)
		 (75.83764948453613,41.64436266309794)
		 (75.93661855670106,41.64436266309794)
		 (76.35841531664214,41.64436266309794)
		 (76.39140500736382,41.64436266309794)
		 (76.61997643593523,41.64436266309794)
		 (76.65296612665686,41.64436266309794)
		 (76.84619145802654,41.64436266309794)
		 (77.07476288659798,41.64436266309794)
		 (77.10539617083951,41.64436266309794)
		 (77.23971134020621,41.64436266309794)
		 (77.3033343151694,41.64436266309794)
		 (77.33632400589106,41.64436266309794)
		 (77.46592636229752,41.64436266309794)
		 (77.62851840942567,41.64436266309794)
		 (77.66150810014732,41.64436266309794)
		 (77.7251310751105,41.64436266309794)
		 (77.7934668630339,41.64436266309794)
		 (77.98669219440357,41.64436266309794)
		 (78.18227393225334,41.64436266309794)
		 (78.21290721649487,41.64436266309794)
		 (78.27888659793818,41.64436266309794)
		 (78.27888659793818,40.92505854800927)
		 (78.31187628865983,40.92505854800927)
		 (78.41084536082478,40.92505854800927)
		 (78.67240648011786,40.92505854800927)
		 (78.70303976435939,40.92505854800927)
		 (78.73602945508104,40.92505854800927)
		 (78.89626509572906,40.92505854800927)
		 (78.96460088365247,40.92505854800927)
		 (79.12719293078058,40.92505854800927)
		 (79.22380559646544,40.92505854800927)
		 (79.41938733431519,40.92505854800927)
		 (79.5513460972018,40.92505854800927)
		 (79.57962297496321,40.92505854800927)
		 (79.61496907216498,40.92505854800927)
		 (79.74457142857145,40.92505854800927)
		 (79.74457142857145,39.913014386082175)
		 (79.81055081001477,39.913014386082175)
		 (79.84354050073642,39.913014386082175)
		 (80.00377614138442,39.913014386082175)
		 (80.23234756995585,39.913014386082175)
		 (80.26769366715762,39.913014386082175)
		 (80.42792930780564,39.913014386082175)
		 (80.46091899852729,39.913014386082175)
		 (80.55988807069222,39.913014386082175)
		 (80.65885714285717,39.913014386082175)
		 (80.78610309278355,39.913014386082175)
		 (80.8190927835052,39.913014386082175)
		 (80.85208247422683,39.913014386082175)
		 (80.98404123711343,39.913014386082175)
		 (81.04766421207663,39.913014386082175)
		 (81.14427687776146,39.913014386082175)
		 (81.24324594992639,39.913014386082175)
		 (81.56843004418265,39.913014386082175)
		 (81.6014197349043,39.913014386082175)
		 (81.95959351988223,39.913014386082175)
		 (81.99258321060387,39.913014386082175)
		 (82.02557290132552,39.913014386082175)
		 (82.51334904270989,39.913014386082175)
		 (82.70893078055968,39.913014386082175)
		 (82.77255375552286,39.913014386082175)
		 (82.97049189985276,39.913014386082175)
		 (83.06710456553759,39.913014386082175)
		 (83.06710456553759,34.99498159919694)
		 (83.29567599410902,34.99498159919694)
		 (83.58551399116352,34.99498159919694)
		 (83.62086008836528,34.99498159919694)
		 (83.68683946980858,34.99498159919694)
		 (84.20524889543451,34.99498159919694)
		 (85.64030044182627,34.99498159919694)
		 (85.73691310751109,34.99498159919694)
	 The 1-th dots
		 (-0.2295081001472745,100.92840414854449)
		 (-0.1988748159057439,100.92840414854449)
		 (-0.1658851251840909,100.92840414854449)
		 (0.6824212076583234,100.92840414854449)
		 (1.398768777614139,100.92840414854449)
		 (1.398768777614139,100.62730010036782)
		 (1.5590044182621525,100.62730010036782)
		 (2.9940559646539064,100.62730010036782)
		 (3.0906686303387363,100.62730010036782)
		 (3.0906686303387363,100.31783205085293)
		 (3.220270986745219,100.31783205085293)
		 (3.905985272459504,100.31783205085293)
		 (3.905985272459504,100.01672800267627)
		 (4.8509042709867485,100.01672800267627)
		 (4.8509042709867485,99.70725995316138)
		 (5.077119293078061,99.70725995316138)
		 (5.859446244477176,99.70725995316138)
		 (5.859446244477176,99.39779190364649)
		 (5.956058910162006,99.39779190364649)
		 (5.956058910162006,99.09668785546984)
		 (6.248253313696618,99.09668785546984)
		 (6.248253313696618,98.78721980595503)
		 (6.672406480117822,98.78721980595503)
		 (6.672406480117822,98.47775175644014)
		 (7.0305802650957325,98.47775175644014)
		 (7.61496907216495,98.47775175644014)
		 (7.61496907216495,98.17664770826349)
		 (7.944865979381446,98.17664770826349)
		 (7.944865979381446,97.85881565741036)
		 (8.951051546391758,97.85881565741036)
		 (9.540153166421213,97.85881565741036)
		 (9.540153166421213,97.54934760789547)
		 (9.669755522827689,97.54934760789547)
		 (9.669755522827689,97.23987955838058)
		 (10.058562592047132,97.23987955838058)
		 (10.058562592047132,96.93041150886569)
		 (10.157531664212083,96.93041150886569)
		 (10.157531664212083,96.61257945801256)
		 (10.581684830633288,96.61257945801256)
		 (10.581684830633288,96.30311140849767)
		 (10.71128718703977,96.30311140849767)
		 (10.77726656848307,96.30311140849767)
		 (10.77726656848307,96.00200736032102)
		 (10.906868924889546,96.00200736032102)
		 (10.906868924889546,95.68417530946789)
		 (12.304217967599415,95.68417530946789)
		 (12.436176730486014,95.68417530946789)
		 (12.436176730486014,95.374707259953)
		 (12.598768777614143,95.374707259953)
		 (12.860329896907217,95.374707259953)
		 (12.860329896907217,95.06523921043811)
		 (12.987575846833584,95.06523921043811)
		 (12.987575846833584,94.74740715958498)
		 (13.609667157584687,94.74740715958498)
		 (13.609667157584687,94.42957510873187)
		 (13.67329013254787,94.42957510873187)
		 (13.67329013254787,94.11174305787874)
		 (14.455617083946985,94.11174305787874)
		 (14.651198821796767,94.11174305787874)
		 (14.717178203240067,94.11174305787874)
		 (14.717178203240067,93.80227500836385)
		 (15.49714874815906,93.80227500836385)
		 (15.49714874815906,93.1666109066576)
		 (15.692730486008841,93.1666109066576)
		 (15.692730486008841,92.8571428571427)
		 (16.11688365243005,92.8571428571427)
		 (16.409078055964656,92.8571428571427)
		 (16.99346686303388,92.8571428571427)
		 (16.99346686303388,92.53094680495136)
		 (17.22203829160531,92.53094680495136)
		 (17.22203829160531,92.21311475409823)
		 (17.321007363770256,92.21311475409823)
		 (17.321007363770256,91.90364670458334)
		 (17.483599410898385,91.90364670458334)
		 (17.483599410898385,91.57745065239197)
		 (18.100977908689256,91.57745065239197)
		 (18.100977908689256,91.25961860153886)
		 (18.2659263622975,91.25961860153886)
		 (18.2659263622975,90.94178655068563)
		 (19.373437407952878,90.94178655068563)
		 (19.373437407952878,90.62395449983251)
		 (19.698621502209136,90.62395449983251)
		 (19.698621502209136,90.31448645031762)
		 (19.73161119293079,90.31448645031762)
		 (19.73161119293079,89.98829039812627)
		 (20.0238055964654,89.98829039812627)
		 (20.0238055964654,89.67045834727314)
		 (20.18639764359353,89.67045834727314)
		 (20.219387334315176,89.67045834727314)
		 (20.219387334315176,89.35262629642001)
		 (20.935734904270994,89.35262629642001)
		 (20.935734904270994,88.70859819337554)
		 (21.359888070692204,88.70859819337554)
		 (21.359888070692204,88.39076614252241)
		 (21.91364359351989,88.39076614252241)
		 (21.91364359351989,88.0729340916693)
		 (22.073879234167904,88.0729340916693)
		 (22.073879234167904,87.75510204081617)
		 (22.17284830633285,87.75510204081617)
		 (22.17284830633285,87.4289059886248)
		 (22.335440353460985,87.4289059886248)
		 (22.335440353460985,87.11107393777168)
		 (22.59700147275406,87.11107393777168)
		 (22.889195876288664,87.11107393777168)
		 (22.889195876288664,86.80160588825679)
		 (22.95517525773197,86.80160588825679)
		 (22.95517525773197,86.4670458347272)
		 (22.9858085419735,86.4670458347272)
		 (22.9858085419735,86.14921378387407)
		 (23.442951399116357,86.14921378387407)
		 (23.442951399116357,85.82301773168273)
		 (23.605543446244486,85.82301773168273)
		 (23.605543446244486,85.5051856808295)
		 (23.671522827687788,85.5051856808295)
		 (23.671522827687788,85.17898962863815)
		 (23.86710456553757,85.17898962863815)
		 (23.86710456553757,84.86115757778502)
		 (23.963717231222393,84.86115757778502)
		 (23.963717231222393,84.5433255269319)
		 (24.225278350515474,84.5433255269319)
		 (24.225278350515474,84.21712947474055)
		 (24.28890132547865,84.21712947474055)
		 (24.28890132547865,83.89929742388742)
		 (24.354880706921957,83.89929742388742)
		 (24.354880706921957,83.57310137169607)
		 (24.581095729013263,83.57310137169607)
		 (24.581095729013263,83.25526932084294)
		 (24.746044182621507,83.25526932084294)
		 (24.746044182621507,82.92907326865158)
		 (24.8096671575847,82.92907326865158)
		 (24.8096671575847,82.61960521913669)
		 (25.071228276877772,82.61960521913669)
		 (25.071228276877772,82.2850451656071)
		 (25.167840942562602,82.2850451656071)
		 (25.167840942562602,81.96721311475397)
		 (25.55900441826216,81.96721311475397)
		 (25.55900441826216,81.64101706256263)
		 (26.242362297496328,81.64101706256263)
		 (26.242362297496328,81.31482101037118)
		 (26.37196465390281,81.31482101037118)
		 (26.37196465390281,80.99698895951805)
		 (26.600536082474232,80.99698895951805)
		 (26.600536082474232,80.67079290732669)
		 (26.829107511045667,80.67079290732669)
		 (26.829107511045667,80.3613248578118)
		 (26.92572017673049,80.3613248578118)
		 (26.92572017673049,80.02676480428221)
		 (27.31924005891017,80.02676480428221)
		 (27.31924005891017,79.70893275342908)
		 (27.512465390279832,79.70893275342908)
		 (27.512465390279832,79.0649046503846)
		 (27.80701620029456,79.0649046503846)
		 (27.80701620029456,78.74707259953148)
		 (27.903628865979396,78.74707259953148)
		 (27.903628865979396,78.103044496487)
		 (28.2618026509573,78.103044496487)
		 (28.2618026509573,77.77684844429565)
		 (28.652966126656864,77.77684844429565)
		 (28.652966126656864,77.45901639344252)
		 (28.815558173784993,77.45901639344252)
		 (28.815558173784993,77.1411843425893)
		 (28.846191458026524,77.1411843425893)
		 (28.846191458026524,76.81498829039795)
		 (28.945160530191476,76.81498829039795)
		 (28.945160530191476,76.48879223820659)
		 (28.980506627393236,76.48879223820659)
		 (28.980506627393236,76.1793241886917)
		 (29.239711340206203,76.1793241886917)
		 (29.239711340206203,75.85312813650035)
		 (29.597885125184106,75.85312813650035)
		 (29.597885125184106,75.52693208430898)
		 (29.630874815905756,75.52693208430898)
		 (29.630874815905756,75.20073603211763)
		 (29.923069219440368,75.20073603211763)
		 (29.923069219440368,74.8829039812645)
		 (30.052671575846837,74.8829039812645)
		 (30.052671575846837,74.55670792907316)
		 (30.509814432989707,74.55670792907316)
		 (30.509814432989707,74.23887587822003)
		 (30.54044771723124,74.23887587822003)
		 (30.54044771723124,73.9210438273669)
		 (30.738385861561127,73.9210438273669)
		 (30.738385861561127,73.59484777517555)
		 (30.769019145802673,73.59484777517555)
		 (30.769019145802673,73.26865172298409)
		 (30.80200883652432,73.26865172298409)
		 (31.09420324005893,73.26865172298409)
		 (31.09420324005893,72.95081967213098)
		 (31.25915169366716,72.95081967213098)
		 (31.388754050073658,72.95081967213098)
		 (31.388754050073658,72.62462361993961)
		 (31.48536671575848,72.62462361993961)
		 (31.48536671575848,72.29842756774826)
		 (31.61732547864508,72.29842756774826)
		 (31.61732547864508,71.98059551689514)
		 (31.909519882179676,71.98059551689514)
		 (31.909519882179676,71.65439946470377)
		 (31.973142857142868,71.65439946470377)
		 (31.973142857142868,71.32820341251242)
		 (32.46327540500737,71.32820341251242)
		 (32.46327540500737,71.00200736032106)
		 (32.496265095729015,71.00200736032106)
		 (32.496265095729015,70.67581130812971)
		 (32.88507216494847,70.67581130812971)
		 (32.88507216494847,70.34961525593826)
		 (33.57078645066276,70.34961525593826)
		 (33.57078645066276,70.0234192037469)
		 (33.73337849779087,70.0234192037469)
		 (33.73337849779087,69.70558715289377)
		 (34.28477761413845,69.70558715289377)
		 (34.28477761413845,69.37939110070242)
		 (34.3177673048601,69.37939110070242)
		 (34.3177673048601,69.05319504851106)
		 (35.00348159057439,69.05319504851106)
		 (35.00348159057439,68.73536299765794)
		 (35.425278350515484,68.73536299765794)
		 (35.491257731958775,68.73536299765794)
		 (35.491257731958775,68.40080294412834)
		 (36.10863622974965,68.40080294412834)
		 (36.10863622974965,68.074606891937)
		 (36.62940206185568,68.074606891937)
		 (36.62940206185568,67.74841083974563)
		 (36.6977378497791,67.74841083974563)
		 (36.6977378497791,67.42221478755418)
		 (36.82498379970546,67.42221478755418)
		 (36.82498379970546,67.09601873536283)
		 (37.02292194403536,67.09601873536283)
		 (37.02292194403536,66.76982268317147)
		 (37.117178203240066,66.76982268317147)
		 (37.117178203240066,66.11743057878876)
		 (37.21614727540502,66.11743057878876)
		 (37.21614727540502,65.7912345265974)
		 (37.51069808541975,65.7912345265974)
		 (37.51069808541975,65.47340247574428)
		 (37.54133136966128,65.47340247574428)
		 (37.54133136966128,65.1388424222147)
		 (38.94339322533138,65.1388424222147)
		 (38.94339322533138,64.81264637002333)
		 (39.040005891016214,64.81264637002333)
		 (39.040005891016214,64.48645031783188)
		 (39.36518998527247,64.48645031783188)
		 (39.36518998527247,64.16025426564053)
		 (39.53013843888072,64.16025426564053)
		 (39.53013843888072,63.83405821344917)
		 (39.69037407952873,63.83405821344917)
		 (39.69037407952873,63.50786216125781)
		 (39.789343151693686,63.50786216125781)
		 (39.789343151693686,62.8554700568751)
		 (41.059446244477186,62.8554700568751)
		 (41.059446244477186,62.52927400468374)
		 (41.48124300441827,62.52927400468374)
		 (41.48124300441827,61.87688190030103)
		 (41.58021207658324,61.87688190030103)
		 (41.58021207658324,61.55068584810958)
		 (42.03499852724596,61.55068584810958)
		 (42.03499852724596,61.224489795918224)
		 (42.06563181148749,61.224489795918224)
		 (42.06563181148749,60.89829374372687)
		 (42.72071281296025,60.89829374372687)
		 (42.72071281296025,60.57209769153551)
		 (43.37108100147277,60.57209769153551)
		 (43.37108100147277,60.245901639344154)
		 (43.500683357879254,60.245901639344154)
		 (43.79523416789398,60.245901639344154)
		 (43.79523416789398,59.91134158581456)
		 (43.92483652430045,59.91134158581456)
		 (43.92483652430045,59.585145533623205)
		 (44.05443888070695,59.585145533623205)
		 (44.05443888070695,59.258949481431756)
		 (44.31600000000002,59.258949481431756)
		 (44.31600000000002,58.9327534292404)
		 (44.38197938144332,58.9327534292404)
		 (44.38197938144332,58.61492137838727)
		 (45.520123711340226,58.61492137838727)
		 (45.520123711340226,58.28036132485769)
		 (45.81231811487482,58.28036132485769)
		 (45.81231811487482,57.945801271328094)
		 (45.878297496318126,57.945801271328094)
		 (46.00789985272461,57.945801271328094)
		 (46.00789985272461,57.61960521913674)
		 (46.07152282768779,57.61960521913674)
		 (46.10686892488955,57.61960521913674)
		 (46.10686892488955,57.28504516560715)
		 (46.13985861561121,57.28504516560715)
		 (46.13985861561121,56.9588491134157)
		 (46.36607363770251,56.9588491134157)
		 (46.36607363770251,56.62428905988611)
		 (46.528665684830656,56.62428905988611)
		 (46.528665684830656,56.289729006356524)
		 (46.88919587628868,56.289729006356524)
		 (46.88919587628868,55.95516895282693)
		 (47.70215611192933,55.95516895282693)
		 (47.70215611192933,55.628972900635574)
		 (47.76813549337263,55.628972900635574)
		 (47.76813549337263,55.29441284710589)
		 (47.994350515463935,55.29441284710589)
		 (47.994350515463935,54.9598527935763)
		 (48.06032989690724,54.9598527935763)
		 (48.06032989690724,54.63365674138495)
		 (48.58109572901326,54.63365674138495)
		 (48.58109572901326,54.29909668785536)
		 (48.680064801178226,54.29909668785536)
		 (48.680064801178226,53.96453663432577)
		 (49.10186156111931,53.96453663432577)
		 (49.10186156111931,53.62997658079618)
		 (49.33043298969074,53.62997658079618)
		 (49.33043298969074,52.96922047507514)
		 (49.39405596465392,52.96922047507514)
		 (49.39405596465392,52.643024422883784)
		 (49.591994108983826,52.643024422883784)
		 (49.591994108983826,52.30846436935419)
		 (49.65326067746689,52.30846436935419)
		 (49.65326067746689,51.973904315824605)
		 (49.85119882179678,51.973904315824605)
		 (49.85119882179678,51.64770826363325)
		 (50.53455670103095,51.64770826363325)
		 (50.53455670103095,51.304784208765334)
		 (50.730138438880715,51.304784208765334)
		 (50.730138438880715,50.97858815657398)
		 (50.76077172312225,50.97858815657398)
		 (50.76077172312225,50.65239210438262)
		 (51.08831222385864,50.65239210438262)
		 (51.08831222385864,50.31783205085303)
		 (51.12130191458028,50.31783205085303)
		 (51.12130191458028,49.98327199732344)
		 (51.413496318114895,49.98327199732344)
		 (51.413496318114895,49.64871194379376)
		 (51.73868041237115,49.64871194379376)
		 (51.73868041237115,49.33087989294073)
		 (51.80465979381446,49.33087989294073)
		 (51.80465979381446,48.99631983941104)
		 (52.13220029455083,48.99631983941104)
		 (52.13220029455083,48.66175978588145)
		 (52.22881296023565,48.66175978588145)
		 (53.531905743740815,48.66175978588145)
		 (53.531905743740815,48.327199732351865)
		 (53.595528718703996,48.327199732351865)
		 (53.595528718703996,47.975911676145714)
		 (53.79111045655377,47.975911676145714)
		 (53.79111045655377,47.64135162261613)
		 (54.89862150220915,47.64135162261613)
		 (54.89862150220915,47.306791569086535)
		 (55.38639764359354,47.306791569086535)
		 (55.38639764359354,46.97223151555695)
		 (55.67859204712814,46.97223151555695)
		 (55.67859204712814,46.62930746068913)
		 (56.13337849779089,46.62930746068913)
		 (56.13337849779089,46.29474740715944)
		 (56.78610309278353,46.29474740715944)
		 (56.78610309278353,45.960187353629856)
		 (57.63440942562595,45.960187353629856)
		 (57.63440942562595,45.62562730010026)
		 (57.73102209131077,45.62562730010026)
		 (57.73102209131077,45.29106724657068)
		 (58.9375022091311,45.29106724657068)
		 (58.9375022091311,44.956507193041084)
		 (59.0317584683358,44.956507193041084)
		 (59.0317584683358,44.61358313817317)
		 (59.35929896907218,44.61358313817317)
		 (59.35929896907218,44.27902308464358)
		 (59.58787039764361,44.27902308464358)
		 (59.58787039764361,43.93609902977576)
		 (59.783452135493405,43.93609902977576)
		 (59.783452135493405,43.60153897624617)
		 (60.04265684830636,43.60153897624617)
		 (60.10863622974966,43.60153897624617)
		 (60.10863622974966,43.26697892271658)
		 (60.629402061855686,43.26697892271658)
		 (60.629402061855686,42.92405486784866)
		 (60.695381443299006,42.92405486784866)
		 (60.695381443299006,42.589494814319075)
		 (61.020565537555264,42.589494814319075)
		 (61.020565537555264,42.24657075945125)
		 (61.11717820324009,42.24657075945125)
		 (61.11717820324009,41.90364670458334)
		 (61.34574963181152,41.90364670458334)
		 (61.34574963181152,41.569086651053745)
		 (62.81143446244479,41.569086651053745)
		 (62.81143446244479,41.22616259618592)
		 (62.87270103092788,41.22616259618592)
		 (62.87270103092788,40.89160254265634)
		 (62.94103681885128,40.89160254265634)
		 (62.94103681885128,40.548678487788514)
		 (62.97402650957293,40.548678487788514)
		 (62.97402650957293,40.21411843425883)
		 (63.07063917525775,40.21411843425883)
		 (63.07063917525775,39.87955838072924)
		 (63.1036288659794,39.87955838072924)
		 (63.1036288659794,39.54499832719965)
		 (63.13661855670107,39.54499832719965)
		 (63.13661855670107,39.193710270993506)
		 (63.26622091310754,39.193710270993506)
		 (63.26622091310754,38.850786216125684)
		 (63.624394698085446,38.850786216125684)
		 (64.11452724594996,38.850786216125684)
		 (64.11452724594996,38.51622616259609)
		 (64.21113991163479,38.51622616259609)
		 (64.21113991163479,38.17330210772827)
		 (64.5033343151694,38.17330210772827)
		 (64.5033343151694,37.830378052860446)
		 (64.92748748159059,37.830378052860446)
		 (64.92748748159059,37.48745399799253)
		 (65.41526362297499,37.48745399799253)
		 (65.41526362297499,37.14452994312471)
		 (65.51187628865982,37.14452994312471)
		 (65.51187628865982,36.80160588825689)
		 (66.68772312223861,36.80160588825689)
		 (66.68772312223861,36.45868183338897)
		 (66.97991752577323,36.45868183338897)
		 (66.97991752577323,36.11575777852115)
		 (67.17549926362301,36.11575777852115)
		 (67.17549926362301,35.781197724991564)
		 (67.4017142857143,35.781197724991564)
		 (67.4017142857143,35.42990966878541)
		 (67.53367304860092,35.42990966878541)
		 (67.53367304860092,35.09534961525582)
		 (67.56666273932257,35.09534961525582)
		 (67.56666273932257,34.752425560388)
		 (67.82586745213553,34.752425560388)
		 (67.82586745213553,34.40950150552018)
		 (68.50922533136969,34.40950150552018)
		 (68.50922533136969,34.06657745065236)
		 (69.19258321060386,34.06657745065236)
		 (69.19258321060386,33.72365339578444)
		 (70.495675994109,33.72365339578444)
		 (70.495675994109,33.380729340916616)
		 (70.56165537555232,33.380729340916616)
		 (70.56165537555232,32.69488123118088)
		 (72.06032989690723,32.69488123118088)
		 (72.06032989690723,32.35195717631306)
		 (72.38551399116352,32.35195717631306)
		 (72.38551399116352,32.01739712278347)
		 (73.2314639175258,32.01739712278347)
		 (73.26445360824745,32.01739712278347)
		 (73.46003534609723,32.01739712278347)
		 (73.55664801178206,32.01739712278347)
		 (73.62262739322537,32.01739712278347)
		 (73.62262739322537,31.657745065239087)
		 (73.6532606774669,31.657745065239087)
		 (73.6532606774669,31.298093007694803)
		 (73.7192400589102,31.298093007694803)
		 (73.91482179675997,31.298093007694803)
		 (74.04678055964658,31.298093007694803)
		 (74.04678055964658,30.93007694881228)
		 (74.1433932253314,30.93007694881228)
		 (74.40259793814437,30.93007694881228)
		 (74.46857731958765,30.93007694881228)
		 (74.53220029455083,30.93007694881228)
		 (74.56518998527251,30.93007694881228)
		 (74.59817967599415,30.93007694881228)
		 (74.79376141384391,30.93007694881228)
		 (74.89037407952877,30.93007694881228)
		 (75.34751693667161,30.93007694881228)
		 (75.57373195876292,30.93007694881228)
		 (75.60907805596469,30.93007694881228)
		 (75.60907805596469,30.51187688190027)
		 (75.67270103092787,30.51187688190027)
		 (75.9012724594993,30.51187688190027)
		 (76.06386450662741,30.51187688190027)
		 (76.09685419734909,30.51187688190027)
		 (76.16047717231227,30.51187688190027)
		 (76.25708983799709,30.51187688190027)
		 (76.25708983799709,30.026764804282305)
		 (76.455027982327,30.026764804282305)
		 (76.71423269513993,30.026764804282305)
		 (77.00878350515465,30.026764804282305)
		 (77.07240648011786,30.026764804282305)
		 (77.26798821796763,30.026764804282305)
		 (77.30097790868928,30.026764804282305)
		 (77.36460088365247,30.026764804282305)
		 (77.39759057437412,30.026764804282305)
		 (77.5295493372607,30.026764804282305)
		 (77.56253902798235,30.026764804282305)
		 (77.56253902798235,29.432920709267222)
		 (77.7251310751105,29.432920709267222)
		 (77.88772312223861,29.432920709267222)
		 (77.91835640648014,29.432920709267222)
		 (78.04795876288664,29.432920709267222)
		 (78.37549926362301,29.432920709267222)
		 (78.37549926362301,28.797256607560975)
		 (78.40848895434466,28.797256607560975)
		 (78.4414786450663,28.797256607560975)
		 (78.70068335787927,28.797256607560975)
		 (78.9292547864507,28.797256607560975)
		 (78.995234167894,28.797256607560975)
		 (79.05885714285718,28.797256607560975)
		 (79.19081590574379,28.797256607560975)
		 (79.22380559646544,28.797256607560975)
		 (79.25443888070696,28.797256607560975)
		 (79.2874285714286,28.797256607560975)
		 (79.41703092783509,28.797256607560975)
		 (79.51600000000005,28.797256607560975)
		 (79.61261266568486,28.797256607560975)
		 (79.64560235640651,28.797256607560975)
		 (79.80819440353466,28.797256607560975)
		 (80.00377614138442,28.797256607560975)
		 (80.0697555228277,28.797256607560975)
		 (80.19935787923421,28.797256607560975)
		 (80.5575316642121,28.797256607560975)
		 (80.68713402061859,28.797256607560975)
		 (80.72012371134022,28.797256607560975)
		 (80.81673637702508,28.797256607560975)
		 (80.84972606774673,28.797256607560975)
		 (81.14427687776146,28.797256607560975)
		 (81.17491016200299,28.797256607560975)
		 (81.21025625920474,28.797256607560975)
		 (81.43647128129606,28.797256607560975)
		 (81.82763475699562,28.797256607560975)
		 (81.88890132547867,28.797256607560975)
		 (81.92424742268044,28.797256607560975)
		 (82.0891958762887,28.797256607560975)
		 (82.21644182621505,28.797256607560975)
		 (82.21644182621505,25.961860153897558)
		 (82.28477761413849,25.961860153897558)
		 (82.44501325478649,25.961860153897558)
		 (82.8031870397644,25.961860153897558)
		 (83.16136082474229,25.961860153897558)
		 (83.19670692194408,25.961860153897558)
		 (83.64913696612669,25.961860153897558)
		 (83.87770839469813,25.961860153897558)
		 (84.17225920471286,25.961860153897558)
		 (84.6294020618557,25.961860153897558)