The 0-th figure
	 The 0-th dots
		 (-0.0057466442735009775,101.23918465802234)
		 (0.02735153669950835,101.23918465802234)
		 (0.29222892387516464,101.23918465802234)
		 (0.29222892387516464,101.17157882080784)
		 (0.3254190442397635,101.17157882080784)
		 (0.4247135871587862,101.17157882080784)
		 (0.4247135871587862,101.10397298359334)
		 (0.4578117512149461,101.10397298359334)
		 (0.4909099491048023,101.10397298359334)
		 (0.4909099491048023,101.03693052835564)
		 (0.5902044804394639,101.03693052835564)
		 (0.5902044804394639,100.96932469114114)
		 (0.6894990162791553,100.96932469114114)
		 (0.7556953590098379,100.96932469114114)
		 (0.7888854849827404,100.96932469114114)
		 (0.8549899398078918,100.96932469114114)
		 (0.8881800208224316,100.96932469114114)
		 (0.8881800208224316,100.90115547194983)
		 (0.943251714271248,100.90115547194983)
		 (0.943251714271248,100.83354963473533)
		 (0.9764418402441505,100.83354963473533)
		 (0.9764418402441505,100.76594379752086)
		 (1.0095400570735222,100.76594379752086)
		 (1.07573637617578,100.76594379752086)
		 (1.07573637617578,100.69833796030636)
		 (1.1088345999925449,100.69833796030636)
		 (1.1418408415739623,100.69833796030636)
		 (1.175030961938561,100.69833796030636)
		 (1.175030961938561,100.63073212309186)
		 (1.2081291429115704,100.63073212309186)
		 (1.2081291429115704,100.56312628587736)
		 (1.2413192632761691,100.56312628587736)
		 (1.2413192632761691,100.49552044866286)
		 (1.307423685830593,100.49552044866286)
		 (1.307423685830593,100.42791461144836)
		 (1.3406138061951944,100.42791461144836)
		 (1.3736200477766092,100.42791461144836)
		 (1.3736200477766092,100.3597453922571)
		 (1.4067182287496185,100.3597453922571)
		 (1.4399083491142173,100.3597453922571)
		 (1.4399083491142173,100.29270293701936)
		 (1.4729145906956345,100.29270293701936)
		 (1.5060127716686438,100.29270293701936)
		 (1.5060127716686438,100.22509709980486)
		 (1.5392028920332426,100.22509709980486)
		 (1.5722091336146597,100.22509709980486)
		 (1.5722091336146597,100.15749126259036)
		 (1.6053073145876666,100.15749126259036)
		 (1.6053073145876666,100.08988542537585)
		 (1.638497434952268,100.08988542537585)
		 (1.638497434952268,100.02227958816135)
		 (1.671595568208731,100.02227958816135)
		 (1.671595568208731,99.95467375094688)
		 (1.7047856941816333,99.95467375094688)
		 (1.7047856941816333,99.88706791373238)
		 (1.7377919778712907,99.88706791373238)
		 (1.7377919778712907,99.81946207651788)
		 (1.7708901040484222,99.81946207651788)
		 (1.8040802300213246,99.81946207651788)
		 (1.8371784601819083,99.81946207651788)
		 (1.8371784601819083,99.68425040208888)
		 (1.870184639980052,99.68425040208888)
		 (1.870184639980052,99.4814329552343)
		 (1.9033747659529543,99.4814329552343)
		 (1.9033747659529543,99.3462212751715)
		 (1.936473003100931,99.3462212751715)
		 (1.9695711840739403,99.3462212751715)
		 (1.9695711840739403,99.27861537880187)
		 (2.0027613044385393,99.27861537880187)
		 (2.0027613044385393,99.2104461596106)
		 (2.0357675460199536,99.2104461596106)
		 (2.0689576663845552,99.2104461596106)
		 (2.0689576663845552,99.1428403223961)
		 (2.1019638378162164,99.1428403223961)
		 (2.1019638378162164,99.0752344851816)
		 (2.135062074872252,99.0752344851816)
		 (2.1682522093035805,99.0752344851816)
		 (2.1682522093035805,99.0076286479671)
		 (2.2344484996288103,99.0076286479671)
		 (2.267546736776787,99.0076286479671)
		 (2.267546736776787,98.94058619272941)
		 (2.3006449331956125,98.94058619272941)
		 (2.333651146643573,98.94058619272941)
		 (2.333651146643573,98.80537451830041)
		 (2.3668412726164756,98.80537451830041)
		 (2.3999394761146355,98.80537451830041)
		 (2.3999394761146355,98.66959953513428)
		 (2.4329456825752054,98.66959953513428)
		 (2.4329456825752054,98.60199362468012)
		 (2.466043898669059,98.60199362468012)
		 (2.499234019033661,98.60199362468012)
		 (2.499234019033661,98.4673453322279)
		 (2.5323322000066675,98.4673453322279)
		 (2.5323322000066675,98.33157040314646)
		 (2.5654303444797377,98.33157040314646)
		 (2.5654303444797377,97.92593525253511)
		 (2.5985285619526834,97.92593525253511)
		 (2.5985285619526834,97.52030032389631)
		 (2.6315347543465264,97.52030032389631)
		 (2.6315347543465264,97.24931362348417)
		 (2.664724880319429,97.24931362348417)
		 (2.664724880319429,97.11410182398437)
		 (2.6978231048717087,97.11410182398437)
		 (2.6978231048717087,96.77663601988867)
		 (2.730921285844716,96.77663601988867)
		 (2.730921285844716,96.37043761462489)
		 (2.764111406209317,96.37043761462489)
		 (2.764111406209317,95.69494284811934)
		 (2.797117647790732,95.69494284811934)
		 (2.797117647790732,94.74789752147694)
		 (2.830215828763741,94.74789752147694)
		 (2.830215828763741,94.54508000983343)
		 (2.8633139521826885,94.54508000983343)
		 (2.8633139521826885,94.40930495342765)
		 (2.896412190709757,94.40930495342765)
		 (2.896412190709757,94.20705082376094)
		 (2.91847762216661,94.20705082376094)
		 (2.91847762216661,94.13944498654647)
		 (2.9516677481395126,94.13944498654647)
		 (2.984765946029369,94.13944498654647)
		 (2.984765946029369,94.00423331211746)
		 (3.017772333426661,94.00423331211746)
		 (3.017772333426661,93.73381021734474)
		 (3.050962459399563,93.73381021734474)
		 (3.050962459399563,93.59859828883046)
		 (3.0839684576174107,93.59859828883046)
		 (3.117158582854798,93.59859828883046)
		 (3.117158582854798,93.53042928935814)
		 (3.1502568200027747,93.53042928935814)
		 (3.1502568200027747,93.39578077718696)
		 (3.1833550318674195,93.39578077718696)
		 (3.1833550318674195,93.26000572078118)
		 (3.216453212840426,93.26000572078118)
		 (3.216453212840426,93.05718834265924)
		 (3.249551531262825,93.05718834265924)
		 (3.249551531262825,92.98958256967028)
		 (3.2826494176620216,92.98958256967028)
		 (3.315839543634924,92.98958256967028)
		 (3.315839543634924,92.92197679724468)
		 (3.3488458917740958,92.92197679724468)
		 (3.3488458917740958,92.8543706974942)
		 (3.3819441177054674,92.8543706974942)
		 (3.3819441177054674,92.78676486027972)
		 (3.4151342380700664,92.78676486027972)
		 (3.448232419043073,92.78676486027972)
		 (3.448232419043073,92.65155318585072)
		 (3.4813307290070488,92.65155318585072)
		 (3.4813307290070488,92.51634162353471)
		 (3.5144286154981863,92.51634162353471)
		 (3.5144286154981863,92.44873585054576)
		 (3.5475268524622834,92.44873585054576)
		 (3.580716978435186,92.44873585054576)
		 (3.580716978435186,92.38113007812021)
		 (3.613723323908115,92.38113007812021)
		 (3.613723323908115,92.3135239997782)
		 (3.646821504881124,92.3135239997782)
		 (3.646821504881124,92.24591816256371)
		 (3.6800116252457227,92.24591816256371)
		 (3.7131099268432135,92.24591816256371)
		 (3.7131099268432135,92.1783123253492)
		 (3.746115924325543,92.1783123253492)
		 (3.746115924325543,92.11070698672776)
		 (3.779306050298448,92.11070698672776)
		 (3.845410590719172,92.11070698672776)
		 (3.845410590719172,92.04310065092024)
		 (3.878600711083771,92.04310065092024)
		 (3.9116989986145345,92.04310065092024)
		 (3.9116989986145345,91.97549481370574)
		 (3.944797235762511,91.97549481370574)
		 (3.944797235762511,91.83971975729993)
		 (3.977895122069769,91.83971975729993)
		 (3.977895122069769,91.70450820343468)
		 (4.010993359217746,91.70450820343468)
		 (4.010993359217746,91.63690224565646)
		 (4.044183485190648,91.63690224565646)
		 (4.077189796921819,91.63690224565646)
		 (4.209582430989067,91.63690224565646)
		 (4.209582430989067,91.56985979041873)
		 (4.308877063732877,91.56985979041873)
		 (4.308877063732877,91.50225395320423)
		 (4.342067184097475,91.50225395320423)
		 (4.37507326570435,91.50225395320423)
		 (4.37507326570435,91.43464818528572)
		 (4.408171502760388,91.43464818528572)
		 (4.408171502760388,91.29887356662775)
		 (4.44136162873329,91.29887356662775)
		 (4.4744598658812675,91.29887356662775)
		 (4.4744598658812675,91.23126722236945)
		 (4.540656269935523,91.23126722236945)
		 (4.540656269935523,91.09661892991726)
		 (4.573662337475673,91.09661892991726)
		 (4.639950700596552,91.09661892991726)
		 (4.639950700596552,91.02901354847876)
		 (4.706239063625491,91.02901354847876)
		 (4.7723436489126385,91.02901354847876)
		 (4.7723436489126385,90.89380141827374)
		 (4.805441886060615,90.89380141827374)
		 (4.838539772367874,90.89380141827374)
		 (4.838539772367874,90.82619569373564)
		 (4.871729898340776,90.82619569373564)
		 (4.904828135488753,90.82619569373564)
		 (4.926893654012211,90.82619569373564)
		 (4.95989974122739,90.82619569373564)
		 (4.9930898672002915,90.82619569373564)
		 (4.9930898672002915,90.75802636186798)
		 (5.026188104991843,90.75802636186798)
		 (5.05937823022923,90.75802636186798)
		 (5.092476467377207,90.75802636186798)
		 (5.1255746792418515,90.75802636186798)
		 (5.1255746792418515,90.69042052465348)
		 (5.158672860214859,90.69042052465348)
		 (5.191771178637257,90.69042052465348)
		 (5.2248690650364535,90.69042052465348)
		 (5.2248690650364535,90.62281476518571)
		 (5.257967302092492,90.62281476518571)
		 (5.257967302092492,90.55520885022447)
		 (5.291065539148527,90.55520885022447)
		 (5.291065539148527,90.48760321977115)
		 (5.324163765079899,90.48760321977115)
		 (5.324163765079899,90.41999717579547)
		 (5.3572619460529065,90.41999717579547)
		 (5.3572619460529065,90.35239167435664)
		 (5.390360250408579,90.35239167435664)
		 (5.390360250408579,90.081967989723)
		 (5.423458136807775,90.081967989723)
		 (5.423458136807775,89.946756315294)
		 (5.456648262872618,89.946756315294)
		 (5.456648262872618,89.74450225492326)
		 (5.489654611011789,89.74450225492326)
		 (5.489654611011789,89.60872763626529)
		 (5.522844736984692,89.60872763626529)
		 (5.522844736984692,89.13604976337318)
		 (5.555851031890954,89.13604976337318)
		 (5.555851031890954,88.5270341980163)
		 (5.588949322271841,88.5270341980163)
		 (5.588949322271841,88.32421634270978)
		 (5.622139448244742,88.32421634270978)
		 (5.622139448244742,88.25661038493155)
		 (5.655237685300778,88.25661038493155)
		 (5.655237685300778,88.18844116574024)
		 (5.688335571699975,88.18844116574024)
		 (5.688335571699975,88.1208354147232)
		 (5.7214338087560135,88.1208354147232)
		 (5.7214338087560135,88.05379325188072)
		 (5.754532045812051,88.05379325188072)
		 (5.754532045812051,87.98618703607355)
		 (5.787538394043161,87.98618703607355)
		 (5.787538394043161,87.85097536164454)
		 (5.820728520016064,87.85097536164454)
		 (5.820728520016064,87.71576385059632)
		 (5.8538267570721025,87.71576385059632)
		 (5.8538267570721025,87.64759446802427)
		 (5.8869249942200765,87.64759446802427)
		 (5.920023231276112,87.64759446802427)
		 (5.920023231276112,87.51238292260976)
		 (5.953121468424091,87.51238292260976)
		 (5.953121468424091,87.44477695638076)
		 (5.986311594305053,87.44477695638076)
		 (5.986311594305053,87.3771713771952)
		 (6.019317241130546,87.3771713771952)
		 (6.052415478186582,87.3771713771952)
		 (6.052415478186582,87.30956528195176)
		 (6.085605604159486,87.30956528195176)
		 (6.085605604159486,87.1743536075228)
		 (6.118611952390596,87.1743536075228)
		 (6.151710189446632,87.1743536075228)
		 (6.151710189446632,87.10674828636617)
		 (6.2179985301343015,87.10674828636617)
		 (6.251004900706683,87.10674828636617)
		 (6.350391500883598,87.10674828636617)
		 (6.350391500883598,86.97153609587929)
		 (6.383489737939636,86.97153609587929)
		 (6.416587273590054,86.97153609587929)
		 (6.449685510738031,86.97153609587929)
		 (6.482783747794067,86.97153609587929)
		 (6.482783747794067,86.83632442145029)
		 (6.515881984850103,86.83632442145029)
		 (6.515881984850103,86.76871888564517)
		 (6.549072110823007,86.76871888564517)
		 (6.549072110823007,86.70111274702128)
		 (6.5820784590541175,86.70111274702128)
		 (6.5820784590541175,86.63350733966723)
		 (6.615176701810398,86.63350733966723)
		 (6.648366822174997,86.63350733966723)
		 (6.648366822174997,86.4982952353778)
		 (6.7145632962870705,86.4982952353778)
		 (6.747661533435047,86.4982952353778)
		 (6.780759770491083,86.4982952353778)
		 (6.780759770491083,86.43068948436074)
		 (6.813949896463988,86.43068948436074)
		 (6.813949896463988,86.29547793894622)
		 (6.8470481335200235,86.29547793894622)
		 (6.8470481335200235,86.22787188651981)
		 (6.902119739350599,86.22787188651981)
		 (6.935309865323501,86.22787188651981)
		 (6.968408102379537,86.22787188651981)
		 (6.968408102379537,86.0926602120908)
		 (7.001506339435576,86.0926602120908)
		 (7.0346038750859945,86.0926602120908)
		 (7.0346038750859945,86.02505484811716)
		 (7.067702111406515,86.02505484811716)
		 (7.100800349290006,86.02505484811716)
		 (7.133898586437983,86.02505484811716)
		 (7.133898586437983,85.88927931847053)
		 (7.166996823494022,85.88927931847053)
		 (7.166996823494022,85.82167392013059)
		 (7.23319329208973,85.82167392013059)
		 (7.26629147306274,85.82167392013059)
		 (7.26629147306274,85.75406764404153)
		 (7.299389771810108,85.75406764404153)
		 (7.332488008958085,85.75406764404153)
		 (7.332488008958085,85.68646180682703)
		 (7.365586246014122,85.68646180682703)
		 (7.365586246014122,85.61885606426068)
		 (7.398776371987022,85.61885606426068)
		 (7.398776371987022,85.55181390141823)
		 (7.431782720218135,85.55181390141823)
		 (7.464972846191038,85.55181390141823)
		 (7.49797849292459,85.55181390141823)
		 (7.49797849292459,85.48420767716034)
		 (7.531076729980628,85.48420767716034)
		 (7.597365093101507,85.48420767716034)
		 (7.597365093101507,85.41660235600372)
		 (7.663561567213579,85.41660235600372)
		 (7.696659765103434,85.41660235600372)
		 (7.696659765103434,85.34843297343167)
		 (7.729666152500729,85.34843297343167)
		 (7.729666152500729,85.28082678354002)
		 (7.795954515621606,85.28082678354002)
		 (7.795954515621606,85.21322142801715)
		 (7.829052752677644,85.21322142801715)
		 (7.829052752677644,85.14561510911105)
		 (7.862150989825618,85.14561510911105)
		 (7.961444999588114,85.14561510911105)
		 (7.961444999588114,85.07857295528271)
		 (7.994543236736088,85.07857295528271)
		 (8.027733362708993,85.07857295528271)
		 (8.027733362708993,85.01096681665882)
		 (8.060739710848162,85.01096681665882)
		 (8.060739710848162,84.94336140930477)
		 (8.093837936779531,84.94336140930477)
		 (8.093837936779531,84.73998048131821)
		 (8.127028057144132,84.73998048131821)
		 (8.160126238117138,84.73998048131821)
		 (8.160126238117138,84.67237424860956)
		 (8.193224548081115,84.67237424860956)
		 (8.22632278522909,84.67237424860956)
		 (8.22632278522909,84.3349089177547)
		 (8.25942102228513,84.3349089177547)
		 (8.25942102228513,83.99631587646458)
		 (8.292611148258029,83.99631587646458)
		 (8.292611148258029,83.52307549765469)
		 (8.325709385314067,83.52307549765469)
		 (8.325709385314067,83.11743999267611)
		 (8.358806920964486,83.11743999267611)
		 (8.358806920964486,82.9146224810326)
		 (8.391905158112463,82.9146224810326)
		 (8.391905158112463,82.84701664381811)
		 (8.425003395168499,82.84701664381811)
		 (8.458101632224535,82.84701664381811)
		 (8.458101632224535,82.64363575019782)
		 (8.491199869372513,82.64363575019782)
		 (8.491199869372513,82.50842314787872)
		 (8.52429810642855,82.50842314787872)
		 (8.52429810642855,82.37377578331662)
		 (8.55739634918483,82.37377578331662)
		 (8.55739634918483,82.3061705094841)
		 (8.590586469549429,82.3061705094841)
		 (8.590586469549429,82.23800005648627)
		 (8.6235928176886,82.23800005648627)
		 (8.6235928176886,82.17039488969635)
		 (8.656691054836577,82.17039488969635)
		 (8.68988118080948,82.17039488969635)
		 (8.722887529868045,82.17039488969635)
		 (8.756077654921553,82.17039488969635)
		 (8.756077654921553,82.03518220117978)
		 (8.78917589206953,82.03518220117978)
		 (8.78917589206953,81.96757737805285)
		 (8.82227342771995,81.96757737805285)
		 (8.88846990183202,81.96757737805285)
		 (8.88846990183202,81.90053492281511)
		 (8.910535860837104,81.90053492281511)
		 (8.910535860837104,81.8329295672922)
		 (8.9767316336355,81.8329295672922)
		 (8.9767316336355,81.76532218246744)
		 (9.009829870691538,81.76532218246744)
		 (9.009829870691538,81.56194340378309)
		 (9.042928107747574,81.56194340378309)
		 (9.042928107747574,81.49433651755136)
		 (9.07602634489555,81.49433651755136)
		 (9.07602634489555,81.42673078399915)
		 (9.109124581951585,81.42673078399915)
		 (9.109124581951585,81.35912554847657)
		 (9.14231470792449,81.35912554847657)
		 (9.175321000072573,81.35912554847657)
		 (9.175321000072573,81.29151816365182)
		 (9.208419293211636,81.29151816365182)
		 (9.208419293211636,81.1563076926067)
		 (9.241517530359614,81.1563076926067)
		 (9.241517530359614,81.08813723566523)
		 (9.27461576741565,81.08813723566523)
		 (9.307805893388554,81.08813723566523)
		 (9.307805893388554,81.0205322750731)
		 (9.34090413044459,81.0205322750731)
		 (9.373909777270084,81.0205322750731)
		 (9.373909777270084,80.95348981983535)
		 (9.407099903242983,80.95348981983535)
		 (9.407099903242983,80.88588460177768)
		 (9.440198140299021,80.88588460177768)
		 (9.440198140299021,80.81827721751627)
		 (9.473204488530135,80.81827721751627)
		 (9.506394614503034,80.81827721751627)
		 (9.506394614503034,80.75067230819187)
		 (9.605689292113269,80.75067230819187)
		 (9.605689292113269,80.68306674647116)
		 (9.638787473086277,80.68306674647116)
		 (9.671793911050234,80.68306674647116)
		 (9.671793911050234,80.6154615109486)
		 (9.704984037023134,80.6154615109486)
		 (9.704984037023134,80.54729141457157)
		 (9.73808227407917,80.54729141457157)
		 (9.771272400052077,80.54729141457157)
		 (9.80437063720005,80.54729141457157)
		 (9.80437063720005,80.48024895933389)
		 (9.837376283106149,80.48024895933389)
		 (9.903664646962545,80.48024895933389)
		 (9.903664646962545,80.41264365564211)
		 (9.93676288411052,80.41264365564211)
		 (9.969953010083424,80.41264365564211)
		 (9.969953010083424,80.34503627081732)
		 (10.002959358222594,80.34503627081732)
		 (10.002959358222594,80.20982579977226)
		 (10.036057584153962,80.20982579977226)
		 (10.036057584153962,80.14222056424968)
		 (10.069247704518563,80.14222056424968)
		 (10.069247704518563,80.00700809883239)
		 (10.102345885491571,80.00700809883239)
		 (10.13535230663062,80.00700809883239)
		 (10.13535230663062,79.93883963626311)
		 (10.168542432603523,79.93883963626311)
		 (10.168542432603523,79.80362720521211)
		 (10.201548780742696,79.80362720521211)
		 (10.201548780742696,79.73658485363669)
		 (10.234738906715597,79.73658485363669)
		 (10.234738906715597,79.66841654487068)
		 (10.267836442366017,79.66841654487068)
		 (10.30093467951399,79.66841654487068)
		 (10.30093467951399,79.53376723833091)
		 (10.334124805486896,79.53376723833091)
		 (10.40022939077404,79.53376723833091)
		 (10.466425864886117,79.53376723833091)
		 (10.49952405716767,79.53376723833091)
		 (10.49952405716767,79.39799130530277)
		 (10.53271417753227,79.39799130530277)
		 (10.53271417753227,79.33038634471065)
		 (10.632008939267047,79.33038634471065)
		 (10.632008939267047,79.26278083425768)
		 (10.665015287498157,79.26278083425768)
		 (10.69820541337912,79.26278083425768)
		 (10.731302949121476,79.26278083425768)
		 (10.764401186177516,79.26278083425768)
		 (10.764401186177516,79.12756821447373)
		 (10.797499423233551,79.12756821447373)
		 (10.830597660381526,79.12756821447373)
		 (10.830597660381526,79.06052637782942)
		 (10.863695897437566,79.06052637782942)
		 (10.863695897437566,78.85714548420913)
		 (10.896794134493604,78.85714548420913)
		 (10.896794134493604,78.72193465259959)
		 (10.918859392093065,78.72193465259959)
		 (10.951957629149101,78.72193465259959)
		 (10.951957629149101,78.6543272677748)
		 (10.985055866297081,78.6543272677748)
		 (10.985055866297081,78.51911679672969)
		 (11.018154103353115,78.51911679672969)
		 (11.018154103353115,78.38390462370766)
		 (11.051252346109397,78.38390462370766)
		 (11.051252346109397,78.24869370590066)
		 (11.084442466473995,78.24869370590066)
		 (11.084442466473995,77.97827061450822)
		 (11.117448814613168,77.97827061450822)
		 (11.150547051761142,77.97827061450822)
		 (11.150547051761142,77.70784537494032)
		 (11.183645288817182,77.70784537494032)
		 (11.183645288817182,77.57263490389522)
		 (11.216743526792612,77.57263490389522)
		 (11.216743526792612,77.50502966837266)
		 (11.249933651846119,77.50502966837266)
		 (11.249933651846119,77.36925397590863)
		 (11.283031888994097,77.36925397590863)
		 (11.283031888994097,77.23460442880474)
		 (11.316129424644515,77.23460442880474)
		 (11.316129424644515,77.03178872223714)
		 (11.349227661700551,77.03178872223714)
		 (11.349227661700551,76.89657620498866)
		 (11.382325898756587,76.89657620498866)
		 (11.382325898756587,76.82840779425054)
		 (11.415424135904566,76.82840779425054)
		 (11.415424135904566,76.76080040942574)
		 (11.481620610016638,76.76080040942574)
		 (11.5147188191231,76.76080040942574)
		 (11.5479089394877,76.76080040942574)
		 (11.5479089394877,76.6931953113684)
		 (11.58100712046071,76.6931953113684)
		 (11.614105447249592,76.6931953113684)
		 (11.614105447249592,76.62558993838067)
		 (11.680301921453603,76.62558993838067)
		 (11.680301921453603,76.55798470342151)
		 (11.746497694160057,76.55798470342151)
		 (11.746497694160057,76.4903777997249)
		 (11.779596632713659,76.4903777997249)
		 (11.779596632713659,76.35572992023172)
		 (11.812786057280942,76.35572992023172)
		 (11.845884294336972,76.35572992023172)
		 (11.878891343973704,76.35572992023172)
		 (11.912080768540992,76.35572992023172)
		 (11.945086415274542,76.35572992023172)
		 (11.978184652422517,76.35572992023172)
		 (11.978184652422517,76.2875594632902)
		 (12.011375412501405,76.2875594632902)
		 (12.011375412501405,76.15234899224511)
		 (12.077479363682567,76.15234899224511)
		 (12.143768428117124,76.15234899224511)
		 (12.24306313900942,76.15234899224511)
		 (12.24306313900942,76.08474375672257)
		 (12.276252563944459,76.08474375672257)
		 (12.276252563944459,76.01713637584145)
		 (12.30925961358119,76.01713637584145)
		 (12.408552921938064,76.01713637584145)
		 (12.441651159086042,76.01713637584145)
		 (12.441651159086042,75.94953110200892)
		 (12.47484198646456,75.94953110200892)
		 (12.47484198646456,75.8148837380102)
		 (12.5079402235206,75.8148837380102)
		 (12.57413669772461,75.8148837380102)
		 (12.67343140898466,75.8148837380102)
		 (12.67343140898466,75.74671359036542)
		 (12.739627883188675,75.74671359036542)
		 (12.739627883188675,75.67910804554619)
		 (12.77272612024471,75.67910804554619)
		 (12.77272612024471,75.61150281002364)
		 (12.80582435739269,75.61150281002364)
		 (12.872019428693529,75.61150281002364)
		 (12.872019428693529,75.54389542576223)
		 (12.90511766574956,75.54389542576223)
		 (12.927183624754642,75.54389542576223)
		 (12.927183624754642,75.47629024150744)
		 (12.993380054092233,75.47629024150744)
		 (12.993380054092233,75.40868495471715)
		 (13.026569523525946,75.40868495471715)
		 (13.059667760581977,75.40868495471715)
		 (13.059667760581977,75.34107756989236)
		 (13.092674810218709,75.34107756989236)
		 (13.125864234694053,75.34107756989236)
		 (13.125864234694053,75.27347272986395)
		 (13.158962471842027,75.27347272986395)
		 (13.158962471842027,75.20586709941061)
		 (13.192153299220555,75.20586709941061)
		 (13.192153299220555,75.13769664190576)
		 (13.225251536368528,75.13769664190576)
		 (13.225251536368528,75.07009183624366)
		 (13.291448010480606,75.07009183624366)
		 (13.291448010480606,74.93544400801822)
		 (13.357551894362128,74.93544400801822)
		 (13.357551894362128,74.86783877305905)
		 (13.390742721740656,74.86783877305905)
		 (13.390742721740656,74.7326261527117)
		 (13.423840958888624,74.7326261527117)
		 (13.423840958888624,74.66502091718915)
		 (13.456937793041488,74.66502091718915)
		 (13.490036030189462,74.66502091718915)
		 (13.490036030189462,74.46220306188265)
		 (13.523134267245503,74.46220306188265)
		 (13.523134267245503,74.39459782636011)
		 (13.556232504301539,74.39459782636011)
		 (13.556232504301539,74.326990445479)
		 (13.589330741449514,74.326990445479)
		 (13.589330741449514,74.25938517164647)
		 (13.622428978505553,74.25938517164647)
		 (13.622428978505553,74.19177997105363)
		 (13.65561980588407,74.19177997105363)
		 (13.65561980588407,74.1241725862288)
		 (13.688625452709564,74.1241725862288)
		 (13.688625452709564,73.98839904306702)
		 (13.721723689765604,73.98839904306702)
		 (13.721723689765604,73.92079165824224)
		 (13.75491451723606,73.92079165824224)
		 (13.75491451723606,73.78558118719712)
		 (13.788012754292101,73.78558118719712)
		 (13.788012754292101,73.6509316395299)
		 (13.821018401025656,73.6509316395299)
		 (13.821018401025656,73.37994590588121)
		 (13.85420922849611,73.37994590588121)
		 (13.85420922849611,73.10952255702321)
		 (13.887214819146639,73.10952255702321)
		 (13.887214819146639,72.83909929436267)
		 (13.920313112285706,72.83909929436267)
		 (13.920313112285706,72.77149405884013)
		 (13.953502536852989,72.77149405884013)
		 (13.986600773909025,72.77149405884013)
		 (14.019699011056998,72.77149405884013)
		 (14.019699011056998,72.63571831454495)
		 (14.05279724811304,72.63571831454495)
		 (14.085895485169075,72.63571831454495)
		 (14.085895485169075,72.43346358318628)
		 (14.118993722317049,72.43346358318628)
		 (14.118993722317049,72.29825311270457)
		 (14.15209195937309,72.29825311270457)
		 (14.218381023899585,72.29825311270457)
		 (14.218381023899585,72.23064572787979)
		 (14.25138667063314,72.23064572787979)
		 (14.284484907689171,72.23064572787979)
		 (14.317675735159636,72.23064572787979)
		 (14.317675735159636,72.16304083602023)
		 (14.350681292160344,72.16304083602023)
		 (14.350681292160344,72.09543525683466)
		 (14.41696904351651,72.09543525683466)
		 (14.41696904351651,72.02726479989323)
		 (14.449976093153241,72.02726479989323)
		 (14.483165517720526,72.02726479989323)
		 (14.483165517720526,71.8920543288481)
		 (14.51626375477656,71.8920543288481)
		 (14.549270804413293,71.8920543288481)
		 (14.549270804413293,71.75740478118085)
		 (14.582460228980576,71.75740478118085)
		 (14.648656703184585,71.75740478118085)
		 (14.648656703184585,71.68979997551875)
		 (14.681847530563108,71.68979997551875)
		 (14.714853177296657,71.68979997551875)
		 (14.714853177296657,71.62219431069914)
		 (14.747951403228035,71.62219431069914)
		 (14.747951403228035,71.55458907517661)
		 (14.84733731312399,71.55458907517661)
		 (14.84733731312399,71.48641908189849)
		 (14.913533787787703,71.48641908189849)
		 (14.913533787787703,71.41881338271256)
		 (14.935599701466666,71.41881338271256)
		 (14.968789170900378,71.41881338271256)
		 (14.968789170900378,71.35120814719002)
		 (15.001796220445167,71.35120814719002)
		 (15.167378593420475,71.35120814719002)
		 (15.167378593420475,71.28416598434754)
		 (15.200385643057206,71.28416598434754)
		 (15.200385643057206,71.14895336400022)
		 (15.266673304680525,71.14895336400022)
		 (15.266673304680525,71.08134812847769)
		 (15.299771541736561,71.08134812847769)
		 (15.3328697787926,71.08134812847769)
		 (15.432164490052653,71.08134812847769)
		 (15.432164490052653,71.01374074421626)
		 (15.465262727200626,71.01374074421626)
		 (15.465262727200626,70.94557238418248)
		 (15.498360964256662,70.94557238418248)
		 (15.498360964256662,70.81035981622966)
		 (15.531459201312703,70.81035981622966)
		 (15.531459201312703,70.74275487253897)
		 (15.564557438460676,70.74275487253897)
		 (15.597746862936022,70.74275487253897)
		 (15.630845100083995,70.74275487253897)
		 (15.630845100083995,70.60754410966206)
		 (15.663852149720727,70.60754410966206)
		 (15.663852149720727,70.53993672483726)
		 (15.69704157419607,70.53993672483726)
		 (15.69704157419607,70.33711886953077)
		 (15.730139811344046,70.33711886953077)
		 (15.796336285548064,70.33711886953077)
		 (15.796336285548064,70.20190839848566)
		 (15.862532759660137,70.20190839848566)
		 (15.89563099680811,70.20190839848566)
		 (15.89563099680811,70.1343031629631)
		 (15.928636643541662,70.1343031629631)
		 (15.928636643541662,69.9990906631795)
		 (15.961918658431431,69.9990906631795)
		 (16.028023945124197,69.9990906631795)
		 (16.028023945124197,69.86444314481415)
		 (16.061122182180238,69.86444314481415)
		 (16.09422041932821,69.86444314481415)
		 (16.09422041932821,69.79627315153604)
		 (16.16041689344029,69.79627315153604)
		 (16.16041689344029,69.7286674523501)
		 (16.19360631800757,69.7286674523501)
		 (16.19360631800757,69.66106221682756)
		 (16.226611964741124,69.66106221682756)
		 (16.259802758561765,69.66106221682756)
		 (16.325999266323652,69.66106221682756)
		 (16.325999266323652,69.59345483200276)
		 (16.359097503471634,69.59345483200276)
		 (16.359097503471634,69.45824436095769)
		 (16.392195740527672,69.45824436095769)
		 (16.392195740527672,69.39063912543511)
		 (16.42538516509496,69.39063912543511)
		 (16.458483402150993,69.39063912543511)
		 (16.458483402150993,69.18725819744856)
		 (16.491490451787726,69.18725819744856)
		 (16.52467987635501,69.18725819744856)
		 (16.52467987635501,68.98500341482213)
		 (16.55777811341104,68.98500341482213)
		 (16.55777811341104,68.9173981792996)
		 (16.590876350559018,68.9173981792996)
		 (16.590876350559018,68.78218559331856)
		 (16.62397458761506,68.78218559331856)
		 (16.62397458761506,68.5117624681232)
		 (16.65707282467109,68.5117624681232)
		 (16.690171050602466,68.5117624681232)
		 (16.690171050602466,68.24077630461407)
		 (16.72326923157547,68.24077630461407)
		 (16.75636753593114,68.24077630461407)
		 (16.75636753593114,68.17373199246937)
		 (16.78946577307912,68.17373199246937)
		 (16.78946577307912,68.10556383919678)
		 (16.822655197554464,68.10556383919678)
		 (16.822655197554464,67.83514059400107)
		 (16.85566224719119,67.83514059400107)
		 (16.85566224719119,67.69992797365374)
		 (16.88876048433917,67.69992797365374)
		 (16.910825040441075,67.69992797365374)
		 (16.910825040441075,67.63232297869529)
		 (16.944015867819598,67.63232297869529)
		 (16.97702151464509,67.63232297869529)
		 (16.97702151464509,67.56471750260863)
		 (17.010212342023607,67.56471750260863)
		 (17.0432179888491,67.56471750260863)
		 (17.0432179888491,67.49711226708611)
		 (17.076408816227627,67.49711226708611)
		 (17.076408816227627,67.36189962983728)
		 (17.109507053283657,67.36189962983728)
		 (17.14251270010915,67.36189962983728)
		 (17.14251270010915,67.2942944117796)
		 (17.175703527487673,67.2942944117796)
		 (17.208801764543708,67.2942944117796)
		 (17.2418074001526,67.2942944117796)
		 (17.2418074001526,67.22612395483812)
		 (17.274996835844547,67.22612395483812)
		 (17.308095072992526,67.22612395483812)
		 (17.308095072992526,67.09147655647308)
		 (17.341193310048556,67.09147655647308)
		 (17.341193310048556,66.95626393612575)
		 (17.374291547104598,66.95626393612575)
		 (17.40738978471227,66.95626393612575)
		 (17.440580611631095,66.95626393612575)
		 (17.506684495512626,66.95626393612575)
		 (17.506684495512626,66.88865876933582)
		 (17.539875322891145,66.88865876933582)
		 (17.605979206772677,66.88865876933582)
		 (17.639077443828707,66.88865876933582)
		 (17.639077443828707,66.82105346564404)
		 (17.672268271299174,66.82105346564404)
		 (17.7052738731663,66.82105346564404)
		 (17.738463342600014,66.82105346564404)
		 (17.738463342600014,66.75344608081924)
		 (17.804568629292774,66.75344608081924)
		 (17.804568629292774,66.6852778757155)
		 (17.83775805376812,66.6852778757155)
		 (17.870856290916095,66.6852778757155)
		 (17.90404711829462,66.6852778757155)
		 (17.970151002176145,66.6852778757155)
		 (18.00334182955467,66.6852778757155)
		 (18.00334182955467,66.55063037425161)
		 (18.036440066702642,66.55063037425161)
		 (18.06953830375868,66.55063037425161)
		 (18.06953830375868,66.48302298999023)
		 (18.13573477796269,66.48302298999023)
		 (18.13573477796269,66.41541790883431)
		 (18.168831612115557,66.41541790883431)
		 (18.20192984926353,66.41541790883431)
		 (18.20192984926353,66.34781251894512)
		 (18.23502808631957,66.34781251894512)
		 (18.23502808631957,66.21260039719084)
		 (18.268126323375604,66.21260039719084)
		 (18.268126323375604,66.14499466363861)
		 (18.301317150846064,66.14499466363861)
		 (18.33432279757962,66.14499466363861)
		 (18.33432279757962,66.07682635487261)
		 (18.367604812469388,66.07682635487261)
		 (18.400611862106114,66.07682635487261)
		 (18.400611862106114,66.00921950357053)
		 (18.43361750883967,66.00921950357053)
		 (18.43361750883967,65.94161373565203)
		 (18.466808336310127,65.94161373565203)
		 (18.466808336310127,65.87400850012948)
		 (18.499906573366165,65.87400850012948)
		 (18.499906573366165,65.80696633672365)
		 (18.5330048104222,65.80696633672365)
		 (18.566103047570177,65.80696633672365)
		 (18.599199881723038,65.80696633672365)
		 (18.599199881723038,65.60414848141716)
		 (18.632298118871013,65.60414848141716)
		 (18.632298118871013,65.53597802447565)
		 (18.665396355927054,65.53597802447565)
		 (18.698494592983092,65.53597802447565)
		 (18.698494592983092,65.46837280585457)
		 (18.731592830131063,65.46837280585457)
		 (18.731592830131063,65.40076755343055)
		 (18.76478365750959,65.40076755343055)
		 (18.76478365750959,65.33372539058807)
		 (18.79778930424314,65.33372539058807)
		 (18.830887541391114,65.33372539058807)
		 (18.830887541391114,65.26611800576329)
		 (18.864078368769636,65.26611800576329)
		 (18.897084015503193,65.26611800576329)
		 (18.897084015503193,65.19851283897337)
		 (18.919241162019524,65.19851283897337)
		 (18.952339399075562,65.19851283897337)
		 (18.952339399075562,65.06330229975906)
		 (18.985346448712292,65.06330229975906)
		 (19.018535873279575,65.06330229975906)
		 (19.051634110335605,65.06330229975906)
		 (19.051634110335605,64.99513194535305)
		 (19.084641159972335,64.99513194535305)
		 (19.084641159972335,64.92752445799279)
		 (19.117923174862103,64.92752445799279)
		 (19.150928821595656,64.92752445799279)
		 (19.18393446842115,64.92752445799279)
		 (19.18393446842115,64.72470660212288)
		 (19.217125228500034,64.72470660212288)
		 (19.217125228500034,64.58949613164117)
		 (19.250223532855706,64.58949613164117)
		 (19.283321770003685,64.58949613164117)
		 (19.283321770003685,64.52189304485748)
		 (19.316420007059723,64.52189304485748)
		 (19.316420007059723,64.45484873327617)
		 (19.349518244115757,64.45484873327617)
		 (19.349518244115757,64.25146780528958)
		 (19.38270766868304,64.25146780528958)
		 (19.38270766868304,63.9810425651583)
		 (19.41571471831977,63.9810425651583)
		 (19.41571471831977,63.913439478374585)
		 (19.448812955008055,63.913439478374585)
		 (19.48200237994309,63.913439478374585)
		 (19.48200237994309,63.77822900789289)
		 (19.51510061699913,63.77822900789289)
		 (19.51510061699913,63.64301423880668)
		 (19.54819885414711,63.64301423880668)
		 (19.54819885414711,63.44019638293682)
		 (19.58129709120314,63.44019638293682)
		 (19.58129709120314,63.372593296716516)
		 (19.61439532825918,63.372593296716516)
		 (19.61439532825918,63.3049860149906)
		 (19.64749352054073,63.3049860149906)
		 (19.64749352054073,63.16921236872993)
		 (19.680682989974443,63.16921236872993)
		 (19.680682989974443,63.10160512137033)
		 (19.713781227030474,63.10160512137033)
		 (19.713781227030474,63.03456067176043)
		 (19.746879464086515,63.03456067176043)
		 (19.746879464086515,62.96639451342343)
		 (19.779977701142553,62.96639451342343)
		 (19.779977701142553,62.89878760972682)
		 (19.81298475087122,62.89878760972682)
		 (19.81298475087122,62.831179744337234)
		 (19.846266765669053,62.831179744337234)
		 (19.846266765669053,62.763576657553536)
		 (19.87927241249454,62.763576657553536)
		 (19.912370649550574,62.763576657553536)
		 (19.945561476929104,62.763576657553536)
		 (19.978567123754594,62.763576657553536)
		 (19.978567123754594,62.69596927329213)
		 (20.011665360810625,62.69596927329213)
		 (20.044763597866666,62.69596927329213)
		 (20.044763597866666,62.62836618650845)
		 (20.077954425337122,62.62836618650845)
		 (20.077954425337122,62.561321874927124)
		 (20.11095999355444,62.561321874927124)
		 (20.14414949663796,62.561321874927124)
		 (20.14414949663796,62.49371449010233)
		 (20.177156546274695,62.49371449010233)
		 (20.177156546274695,62.357940912010854)
		 (20.21025478333073,62.357940912010854)
		 (20.243444207898012,62.357940912010854)
		 (20.27645125753474,62.357940912010854)
		 (20.27645125753474,62.290333562115755)
		 (20.30973327233257,62.290333562115755)
		 (20.30973327233257,62.08751570680923)
		 (20.342738919158062,62.08751570680923)
		 (20.375745968794796,62.08751570680923)
		 (20.408935393270138,62.08751570680923)
		 (20.442033630418113,62.08751570680923)
		 (20.475131867474154,62.08751570680923)
		 (20.50823010462213,62.08751570680923)
		 (20.50823010462213,61.952305235764165)
		 (20.54141952909747,61.952305235764165)
		 (20.574426578734204,61.952305235764165)
		 (20.607524815882176,61.952305235764165)
		 (20.607524815882176,61.88470214954383)
		 (20.640623052938214,61.88470214954383)
		 (20.673812477505496,61.88470214954383)
		 (20.673812477505496,61.81653169203897)
		 (20.706910714561538,61.81653169203897)
		 (20.739917764198264,61.81653169203897)
		 (20.773107188765547,61.81653169203897)
		 (20.773107188765547,61.74948737989426)
		 (20.806205425821588,61.74948737989426)
		 (20.839212475458314,61.74948737989426)
		 (20.839212475458314,61.68188429367397)
		 (20.872401900025597,61.68188429367397)
		 (20.90550013708164,61.68188429367397)
		 (20.927473505764237,61.68188429367397)
		 (20.960664333234693,61.68188429367397)
		 (20.960664333234693,61.614276909412546)
		 (20.993762570290734,61.614276909412546)
		 (20.993762570290734,61.479066438367475)
		 (21.026768217024287,61.479066438367475)
		 (21.026768217024287,61.41145919100788)
		 (21.060050231914058,61.41145919100788)
		 (21.060050231914058,61.34385166364745)
		 (21.093055878647604,61.34385166364745)
		 (21.12615411579558,61.34385166364745)
		 (21.12615411579558,61.27568551038087)
		 (21.159344875874467,61.27568551038087)
		 (21.159344875874467,61.14103381397478)
		 (21.192350589907658,61.14103381397478)
		 (21.192350589907658,61.07343072719108)
		 (21.22544882705563,61.07343072719108)
		 (21.22544882705563,60.938220256145996)
		 (21.258639654434155,60.938220256145996)
		 (21.258639654434155,60.8030054870598)
		 (21.29173789149019,60.8030054870598)
		 (21.324927316057472,60.8030054870598)
		 (21.324927316057472,60.7348393281594)
		 (21.357934365694202,60.7348393281594)
		 (21.357934365694202,60.6677949816484)
		 (21.391032602382484,60.6677949816484)
		 (21.424222027317523,60.6677949816484)
		 (21.457320264373564,60.6677949816484)
		 (21.457320264373564,60.6001876317533)
		 (21.49032731401029,60.6001876317533)
		 (21.49032731401029,60.53258454553299)
		 (21.523516738577573,60.53258454553299)
		 (21.523516738577573,60.32976668966312)
		 (21.556614975633615,60.32976668966312)
		 (21.58962062245911,60.32976668966312)
		 (21.622811449837624,60.32976668966312)
		 (21.622811449837624,60.26215930540171)
		 (21.655909686893665,60.26215930540171)
		 (21.68891533371916,60.26215930540171)
		 (21.722106161097674,60.26215930540171)
		 (21.755111807923168,60.26215930540171)
		 (21.755111807923168,60.19455621918137)
		 (21.788393822720998,60.19455621918137)
		 (21.788393822720998,60.12638576167652)
		 (21.821400872357724,60.12638576167652)
		 (21.854499109505703,60.12638576167652)
		 (21.854499109505703,59.991175291194814)
		 (21.88768853398105,59.991175291194814)
		 (21.920695583617775,59.991175291194814)
		 (21.920695583617775,59.85652359422531)
		 (21.953793820765753,59.85652359422531)
		 (21.986890654918614,59.85652359422531)
		 (22.020081459955865,59.85652359422531)
		 (22.020081459955865,59.653705733285)
		 (22.053087129122623,59.653705733285)
		 (22.053087129122623,59.51793236702513)
		 (22.086185366178665,59.51793236702513)
		 (22.086185366178665,59.45032481093222)
		 (22.119376193649124,59.45032481093222)
		 (22.119376193649124,59.315114855381644)
		 (22.15247443070516,59.315114855381644)
		 (22.15247443070516,58.84187554249045)
		 (22.1855726677612,58.84187554249045)
		 (22.1855726677612,58.77426815766567)
		 (22.218578314586694,58.77426815766567)
		 (22.218578314586694,58.70666077340426)
		 (22.25186032938452,58.70666077340426)
		 (22.25186032938452,58.571450646022164)
		 (22.28486737902125,58.571450646022164)
		 (22.28486737902125,58.36863244705264)
		 (22.317873025846744,58.36863244705264)
		 (22.35106385322526,58.36863244705264)
		 (22.35106385322526,58.23342197600758)
		 (22.38416209037324,58.23342197600758)
		 (22.38416209037324,58.03060412070108)
		 (22.417260327429275,58.03060412070108)
		 (22.417260327429275,57.89539364965596)
		 (22.450357161674077,57.89539364965596)
		 (22.450357161674077,57.827786436662684)
		 (22.483455398730108,57.827786436662684)
		 (22.483455398730108,57.69257579434947)
		 (22.51655363578615,57.69257579434947)
		 (22.51655363578615,57.48919486579953)
		 (22.549651872842187,57.48919486579953)
		 (22.582750109990158,57.48919486579953)
		 (22.615940937368688,57.48919486579953)
		 (22.615940937368688,57.42158803139891)
		 (22.649039174516663,57.42158803139891)
		 (22.68204482125021,57.42158803139891)
		 (22.68204482125021,57.35398009671333)
		 (22.715235648628738,57.35398009671333)
		 (22.74833388577671,57.35398009671333)
		 (22.74833388577671,57.21876962623159)
		 (22.781432122832747,57.21876962623159)
		 (22.781432122832747,57.151729612128)
		 (22.81453035988879,57.151729612128)
		 (22.81453035988879,56.880741333682934)
		 (22.847628597036756,56.880741333682934)
		 (22.88072543118962,56.880741333682934)
		 (22.913916225010265,56.880741333682934)
		 (22.913916225010265,56.74553082883491)
		 (22.935982217665163,56.74553082883491)
		 (22.96898786439872,56.74553082883491)
		 (22.96898786439872,56.610883430469904)
		 (23.002178691869176,56.610883430469904)
		 (23.002178691869176,56.543276045645115)
		 (23.035275526022037,56.543276045645115)
		 (23.06828257565877,56.543276045645115)
		 (23.101472000226053,56.543276045645115)
		 (23.13457023728209,56.543276045645115)
		 (23.167668474430062,56.543276045645115)
		 (23.200766711486104,56.543276045645115)
		 (23.23395753886462,56.543276045645115)
		 (23.2670557760126,56.543276045645115)
		 (23.300061422746154,56.543276045645115)
		 (23.300061422746154,56.339895117658514)
		 (23.33315965980219,56.339895117658514)
		 (23.36635048727265,56.339895117658514)
		 (23.39944872432869,56.339895117658514)
		 (23.432454371062235,56.339895117658514)
		 (23.432454371062235,56.27228773283376)
		 (23.4656451985327,56.27228773283376)
		 (23.49874203268556,56.27228773283376)
		 (23.49874203268556,56.13707726235202)
		 (23.531747679511053,56.13707726235202)
		 (23.531747679511053,56.06946987752723)
		 (23.564939909792752,56.06946987752723)
		 (23.59803674394561,56.06946987752723)
		 (23.63113638399676,56.06946987752723)
		 (23.664233218149626,56.06946987752723)
		 (23.697332858108837,56.06946987752723)
		 (23.730522282676123,56.06946987752723)
		 (23.763529332312853,56.06946987752723)
		 (23.79662616655765,56.06946987752723)
		 (23.829815591032993,56.06946987752723)
		 (23.862822640669727,56.06946987752723)
		 (23.895919474914525,56.06946987752723)
		 (23.895919474914525,55.93425961267996)
		 (23.9290190475741,55.93425961267996)
		 (23.962208539441022,55.93425961267996)
		 (23.995215589077752,55.93425961267996)
		 (24.02831242323061,55.93425961267996)
		 (24.02831242323061,55.663834166350874)
		 (24.06150465351231,55.663834166350874)
		 (24.09460148775711,55.663834166350874)
		 (24.09460148775711,55.59623108013055)
		 (24.127701127716325,55.59623108013055)
		 (24.160705371638638,55.59623108013055)
		 (24.193987386436465,55.59623108013055)
		 (24.2269944360732,55.59623108013055)
		 (24.260001485709925,55.59623108013055)
		 (24.293283500599692,55.59623108013055)
		 (24.293283500599692,55.46102060908547)
		 (24.326290550236426,55.46102060908547)
		 (24.3593873396148,55.46102060908547)
		 (24.3593873396148,55.32524276788257)
		 (24.392576809048503,55.32524276788257)
		 (24.425676449007717,55.32524276788257)
		 (24.425676449007717,55.19059540332048)
		 (24.458680692838094,55.19059540332048)
		 (24.458680692838094,55.055384898472454)
		 (24.491872922292337,55.055384898472454)
		 (24.491872922292337,54.920170129386285)
		 (24.524969757364598,54.920170129386285)
		 (24.524969757364598,54.7843969980567)
		 (24.55815918183994,54.7843969980567)
		 (24.591258821891095,54.7843969980567)
		 (24.62426587152782,54.7843969980567)
		 (24.65745529600316,54.7843969980567)
		 (24.690552130247966,54.7843969980567)
		 (24.723559179884692,54.7843969980567)
		 (24.723559179884692,54.64974918729606)
		 (24.75674860445198,54.64974918729606)
		 (24.75674860445198,54.51453872132143)
		 (24.789848244411196,54.51453872132143)
		 (24.822852488241566,54.51453872132143)
		 (24.822852488241566,54.37932394716478)
		 (24.85604471852326,54.37932394716478)
		 (24.85604471852326,54.243550404003)
		 (24.889141552768066,54.243550404003)
		 (24.889141552768066,54.10833993295789)
		 (24.92224119272728,54.10833993295789)
		 (24.94439833924361,54.10833993295789)
		 (24.977402583073985,54.10833993295789)
		 (25.010409632710715,54.10833993295789)
		 (25.043691647600486,54.10833993295789)
		 (25.076698697237212,54.10833993295789)
		 (25.076698697237212,53.90552207708802)
		 (25.109888121804495,53.90552207708802)
		 (25.109888121804495,53.77087467872302)
		 (25.14289517144123,53.77087467872302)
		 (25.175992005594086,53.77087467872302)
		 (25.209184235875785,53.77087467872302)
		 (25.2421884797981,53.77087467872302)
		 (25.275288119757313,53.77087467872302)
		 (25.308477544324596,53.77087467872302)
		 (25.34157718428381,53.77087467872302)
		 (25.374581428114187,53.77087467872302)
		 (25.40777085268147,53.77087467872302)
		 (25.44087040290784,53.77087467872302)
		 (25.44087040290784,53.56749375073642)
		 (25.473877542277414,53.56749375073642)
		 (25.507066966844697,53.56749375073642)
		 (25.540163800997554,53.56749375073642)
		 (25.573263440956772,53.56749375073642)
		 (25.60636027520157,53.56749375073642)
		 (25.639459915160785,53.56749375073642)
		 (25.672649339728064,53.56749375073642)
		 (25.73875322351766,53.56749375073642)
		 (25.73875322351766,53.364675895429926)
		 (25.771945453891295,53.364675895429926)
		 (25.80494969772167,53.364675895429926)
		 (25.838049337680886,53.364675895429926)
		 (25.871238694948534,53.364675895429926)
		 (25.871238694948534,53.094251067694245)
		 (25.904335596401033,53.094251067694245)
		 (25.937342646129697,53.094251067694245)
		 (25.970532070605042,53.094251067694245)
		 (26.003631710564253,53.094251067694245)
		 (26.03672854480906,53.094251067694245)
		 (26.069828184768266,53.094251067694245)
		 (26.069828184768266,52.823829713208454)
		 (26.10292501901307,52.823829713208454)
		 (26.136117249294763,52.823829713208454)
		 (26.169214083447628,52.823829713208454)
		 (26.26851019761086,52.823829713208454)
		 (26.301606986989228,52.823829713208454)
		 (26.334703866008518,52.823829713208454)
		 (26.36780350596773,52.823829713208454)
		 (26.43399998017174,52.823829713208454)
		 (26.46718940473903,52.823829713208454)
		 (26.50028904469824,52.823829713208454)
		 (26.533293288436678,52.823829713208454)
		 (26.56639292857977,52.823829713208454)
		 (26.56639292857977,52.55340447364055)
		 (26.599582353055116,52.55340447364055)
		 (26.632681993014327,52.55340447364055)
		 (26.66568623693664,52.55340447364055)
		 (26.69887846721834,52.55340447364055)
		 (26.73197527902993,52.55340447364055)
		 (26.76498235109987,52.55340447364055)
		 (26.76498235109987,51.809740436112584)
		 (26.798171775575216,51.809740436112584)
		 (26.83126860982001,51.809740436112584)
		 (26.864368249779226,51.809740436112584)
		 (26.89746508402403,51.809740436112584)
		 (26.930472133660757,51.809740436112584)
		 (26.952536689762663,51.809740436112584)
		 (26.98581870465243,51.809740436112584)
		 (26.98581870465243,51.403541755354986)
		 (27.018825754289164,51.403541755354986)
		 (27.052015178764506,51.403541755354986)
		 (27.08502222849317,51.403541755354986)
		 (27.118121868452388,51.403541755354986)
		 (27.15131129292773,51.403541755354986)
		 (27.15131129292773,50.997905941643104)
		 (27.184318342564463,50.997905941643104)
		 (27.250604601376544,50.997905941643104)
		 (27.250604601376544,50.524667144246415)
		 (27.283704241335762,50.524667144246415)
		 (27.31670848516613,50.524667144246415)
		 (27.34990071544783,50.524667144246415)
		 (27.382997549692632,50.524667144246415)
		 (27.41600459932936,50.524667144246415)
		 (27.44919402389664,50.524667144246415)
		 (27.482293663855863,50.524667144246415)
		 (27.51539049800872,50.524667144246415)
		 (27.54849013805987,50.524667144246415)
		 (27.581586972212733,50.524667144246415)
		 (27.614776397699412,50.524667144246415)
		 (27.64787603673923,50.524667144246415)
		 (27.680883086375957,50.524667144246415)
		 (27.680883086375957,49.24015692449695)
		 (27.714072510943243,49.24015692449695)
		 (27.78026898505532,49.24015692449695)
		 (27.846555243775462,49.24015692449695)
		 (27.87956229350413,49.24015692449695)
		 (27.91266193346334,49.24015692449695)
		 (27.945851357938686,49.24015692449695)
		 (27.97894819218349,49.24015692449695)
		 (28.0120478321427,49.24015692449695)
		 (28.078244306346715,49.24015692449695)
		 (28.111341140499576,49.24015692449695)
		 (28.144348190136306,49.24015692449695)
		 (28.144348190136306,48.4283224300275)
		 (28.276833728866816,48.4283224300275)
		 (28.309930563019677,48.4283224300275)
		 (28.34303020307083,48.4283224300275)
		 (28.376127037223693,48.4283224300275)
		 (28.409316461790972,48.4283224300275)
		 (28.47542315138692,48.4283224300275)
		 (28.641098114592772,48.4283224300275)
		 (28.74029883262716,48.4283224300275)
		 (28.839594946790392,48.4283224300275)
		 (28.960952811341105,48.4283224300275)
		 (29.027149285361244,48.4283224300275)
		 (29.192734464142905,48.4283224300275)
		 (29.225831275954498,48.4283224300275)
		 (29.29212036282226,48.4283224300275)
		 (29.32512460674458,48.4283224300275)
		 (29.391413671271074,48.4283224300275)
		 (29.424513311230296,48.4283224300275)
		 (29.457610145383153,48.4283224300275)
		 (29.523806619587166,48.4283224300275)
		 (29.689296402148052,48.4283224300275)
		 (29.75558546667455,48.4283224300275)
		 (29.788685106633764,48.4283224300275)
		 (29.854788990515296,48.4283224300275)
		 (29.95417488919465,48.4283224300275)
		 (30.020371363398663,48.4283224300275)
		 (30.152764221981904,48.4283224300275)
		 (30.18586114595955,48.4283224300275)
		 (30.18586114595955,45.58831367884399)
		 (30.21905337624125,45.58831367884399)
		 (30.25205762007162,45.58831367884399)
		 (30.285249850445258,45.58831367884399)
		 (30.351446324557333,45.58831367884399)
		 (30.38454315880213,45.58831367884399)
		 (30.417550208438865,45.58831367884399)
		 (30.450647042591722,45.58831367884399)
		 (30.450647042591722,40.043506647522044)
		 (30.616229415475097,40.043506647522044)
		 (30.649236465203764,40.043506647522044)
		 (30.748714954205607,40.043506647522044)
		 (30.84801106836883,40.043506647522044)
		 (31.10176188123564,40.043506647522044)
		 (33.17637447692616,40.043506647522044)