The 0-th figure
	 The 0-th dots
		 (28.31509552665912,32.10337310154234)
		 (28.084522271205874,32.10337310154234)
		 (28.084522271205874,47.628898137879276)
		 (26.701600492802537,47.628898137879276)
		 (26.701600492802537,52.555852582906674)
		 (25.79406346899947,52.555852582906674)
		 (25.79406346899947,53.934080028904816)
		 (25.06100972877858,53.934080028904816)
		 (25.06100972877858,55.07360805077219)
		 (24.925357889899605,55.07360805077219)
		 (24.925357889899605,55.84937653188724)
		 (24.749580428578028,55.84937653188724)
		 (24.749580428578028,56.44040778763581)
		 (23.41334283101309,56.44040778763581)
		 (23.41334283101309,56.92097788381064)
		 (23.23264667745533,56.92097788381064)
		 (23.23264667745533,57.47518956054482)
		 (22.695045151968145,57.47518956054482)
		 (22.695045151968145,57.84466379860797)
		 (22.122495028496214,57.84466379860797)
		 (22.122495028496214,58.58361291337834)
		 (21.921606058973772,58.58361291337834)
		 (21.921606058973772,58.989906943760445)
		 (21.755838590799616,58.989906943760445)
		 (21.755838590799616,59.470477039935275)
		 (21.293829477299447,59.470477039935275)
		 (21.293829477299447,60.13578436211148)
		 (21.128061350800685,60.13578436211148)
		 (21.128061350800685,61.133744076340484)
		 (20.92708683670203,61.133744076340484)
		 (20.92708683670203,61.57685774350702)
		 (20.424778931356308,61.57685774350702)
		 (20.424778931356308,62.0942494730224)
		 (20.168662929528235,62.0942494730224)
		 (20.168662929528235,62.796376741782495)
		 (19.751698057099453,62.796376741782495)
		 (19.751698057099453,63.46168412236341)
		 (19.596026550517124,63.46168412236341)
		 (19.596026550517124,63.97907373978276)
		 (19.371062073724143,63.97907373978276)
		 (19.371062073724143,64.76627010397709)
		 (18.653023203321112,64.76627010397709)
		 (18.653023203321112,66.05117523097844)
		 (17.695609074257167,66.05117523097844)
		 (17.695609074257167,66.43207721626625)
		 (17.28149226218182,66.43207721626625)
		 (17.28149226218182,67.05040639724444)
		 (16.841486811747703,67.05040639724444)
		 (16.841486811747703,67.95441134061988)
		 (16.763911094391915,67.95441134061988)
		 (16.763911094391915,68.52576383417242)
		 (16.692805725887965,68.52576383417242)
		 (16.692805725887965,69.00189010483433)
		 (16.621527867447305,69.00189010483433)
		 (16.621527867447305,69.42976821635364)
		 (16.466288212577794,69.42976821635364)
		 (16.466288212577794,69.8106688259539)
		 (16.09100270998548,69.8106688259539)
		 (16.09100270998548,70.16236783814543)
		 (15.592060334199283,70.16236783814543)
		 (15.592060334199283,70.67467933717334)
		 (15.448987147335234,70.67467933717334)
		 (15.448987147335234,71.16032774536427)
		 (15.232911202318206,71.16032774536427)
		 (15.232911202318206,71.67264153106794)
		 (14.862716128911437,71.67264153106794)
		 (14.862716128911437,71.91451158414797)
		 (14.45593474823849,71.91451158414797)
		 (14.45593474823849,72.29223920003847)
		 (14.107744654546993,72.29223920003847)
		 (14.107744654546993,72.69662926812188)
		 (13.86949123987798,72.69662926812188)
		 (13.86949123987798,73.61333170622689)
		 (13.766975579807708,73.61333170622689)
		 (13.766975579807708,74.09834500895053)
		 (13.32714327763491,74.09834500895053)
		 (13.32714327763491,74.26022681731763)
		 (13.008466085947015,74.26022681731763)
		 (13.008466085947015,75.09630540054857)
		 (12.704284635209422,75.09630540054857)
		 (12.704284635209422,75.33817545362852)
		 (12.2499552754371,75.33817545362852)
		 (12.2499552754371,75.57433513008498)
		 (11.99142309732805,75.57433513008498)
		 (11.99142309732805,75.89810231205259)
		 (11.574285734876266,75.89810231205259)
		 (11.574285734876266,76.2986811607448)
		 (11.343712732259707,76.2986811607448)
		 (11.343712732259707,76.75639764158214)
		 (11.071547263056509,76.75639764158214)
		 (11.071547263056509,77.25220751759646)
		 (10.273600768968091,77.25220751759646)
		 (10.273600768968091,77.97591906175325)
		 (9.88485446530463,77.97591906175325)
		 (9.88485446530463,78.75803240599491)
		 (9.561085527695667,78.75803240599491)
		 (9.561085527695667,79.25320779614103)
		 (9.40549957621722,79.25320779614103)
		 (9.40549957621722,79.65378633503379)
		 (9.200900139372497,79.65378633503379)
		 (9.200900139372497,80.09182432474958)
		 (9.133506596950735,80.09182432474958)
		 (9.133506596950735,80.45431458333104)
		 (8.887313376783853,80.45431458333104)
		 (8.887313376783853,81.2929311119396)
		 (8.6256750624744,81.2929311119396)
		 (8.6256750624744,81.71191971173157)
		 (8.503916958744792,81.71191971173157)
		 (8.503916958744792,82.24581775251721)
		 (8.296643205829474,82.24581775251721)
		 (8.296643205829474,82.97016416979159)
		 (8.167117776097328,82.97016416979159)
		 (8.167117776097328,83.351698704066)
		 (8.076337964833831,83.351698704066)
		 (8.076337964833831,83.73260359562856)
		 (7.6850885815532815,83.73260359562856)
		 (7.6850885815532815,84.0950938535752)
		 (7.394886718518787,84.0950938535752)
		 (7.394886718518787,84.6480317141467)
		 (6.855991262865063,84.6480317141467)
		 (6.855991262865063,84.93307589631546)
		 (5.8247105362257034,84.93307589631546)
		 (5.8247105362257034,85.61996786082294)
		 (5.620111099294689,85.61996786082294)
		 (5.620111099294689,86.24908743624253)
		 (5.472378049891704,86.24908743624253)
		 (5.472378049891704,86.99247797431015)
		 (5.363564530906302,86.99247797431015)
		 (5.363564530906302,87.67873545294934)
		 (5.094074631256904,87.67873545294934)
		 (5.094074631256904,87.85014362303765)
		 (4.555176468438445,87.85014362303765)
		 (4.555176468438445,88.26976670869792)
		 (4.485192943149766,88.26976670869792)
		 (4.485192943149766,88.7084383329682)
		 (4.420473653632575,88.7084383329682)
		 (4.420473653632575,89.24169801221778)
		 (4.026551334182972,89.24169801221778)
		 (4.026551334182972,89.66132570931957)
		 (3.899614518030155,89.66132570931957)
		 (3.899614518030155,90.32790465747759)
		 (3.656011280816478,90.32790465747759)
		 (3.656011280816478,90.84275369558873)
		 (3.4668569388909694,90.84275369558873)
		 (3.4668569388909694,91.85277382156889)
		 (3.368398084085966,91.85277382156889)
		 (3.368398084085966,92.44380992047391)
		 (3.1352364151654344,92.44380992047391)
		 (3.1352364151654344,93.07292914736907)
		 (3.047132226094092,93.07292914736907)
		 (3.047132226094092,94.00677247974235)
		 (2.904663412548877,94.00677247974235)
		 (2.904663412548877,94.63589228687673)
		 (2.806204558520507,94.63589228687673)
		 (2.806204558520507,95.41674150253827)
		 (2.7025657385857285,95.41674150253827)
		 (2.7025657385857285,96.67561560331019)
		 (2.648201114025565,96.67561560331019)
		 (2.648201114025565,97.45709930484001)
		 (2.5393006917040495,97.45709930484001)
		 (2.5393006917040495,98.40998633266695)
		 (2.34488474652887,98.40998633266695)
		 (2.34488474652887,98.92547497087739)
		 (2.1454626421195218,98.92547497087739)
		 (2.1454626421195218,99.43968963866016)
		 (1.8423174479103157,99.43968963866016)
		 (1.8423174479103157,100.20276370526517)
		 (1.0183973880500612,100.20276370526517)
		 (1.0183973880500612,100.60207354222621)
		 (0.038978279961175887,100.60207354222621)
The 1-th figure
	 The 0-th dots
		 (28.487297990265468,65.93691958341378)
		 (22.817689332677617,65.93691958341378)
		 (22.817689332677617,66.77141823450631)
		 (20.00019782686497,66.77141823450631)
		 (20.00019782686497,67.2887624117335)
		 (19.601721081880655,67.2887624117335)
		 (19.601721081880655,67.73487804282072)
		 (19.350402399874735,67.73487804282072)
		 (19.350402399874735,68.24997289753819)
		 (16.998259928239513,68.24997289753819)
		 (16.998259928239513,68.74332430132876)
		 (15.596409963383534,68.74332430132876)
		 (15.596409963383534,68.94651310137016)
		 (14.454916346849243,68.94651310137016)
		 (14.454916346849243,69.50059604947141)
		 (13.894729086042194,69.50059604947141)
		 (13.894729086042194,69.81475159010796)
		 (13.657964436041905,69.81475159010796)
		 (13.657964436041905,70.22187896436063)
		 (13.025101361746875,70.22187896436063)
		 (13.025101361746875,70.7392231415878)
		 (12.882128717336512,70.7392231415878)
		 (12.882128717336512,71.330045066751)
		 (11.754998988318421,71.330045066751)
		 (11.754998988318421,71.67119225707013)
		 (11.298116760545508,71.67119225707013)
		 (11.298116760545508,72.01683832708797)
		 (11.25340814441761,72.01683832708797)
		 (11.25340814441761,72.20803074041105)
		 (10.336408330494319,72.20803074041105)
		 (10.336408330494319,72.86408313906871)
		 (10.19809640185678,72.86408313906871)
		 (10.19809640185678,73.25096661073427)
		 (9.909775033288705,73.25096661073427)
		 (9.909775033288705,73.56587176208996)
		 (9.750345461044972,73.56587176208996)
		 (9.750345461044972,73.86128278502838)
		 (9.710489156588446,73.86128278502838)
		 (9.710489156588446,74.119954541492)
		 (9.180740970838121,74.119954541492)
		 (9.180740970838121,74.76626020809098)
		 (8.430685062825749,74.76626020809098)
		 (8.430685062825749,75.33908767389036)
		 (8.318151493376984,75.33908767389036)
		 (8.318151493376984,76.35578144826725)
		 (7.713255662957896,76.35578144826725)
		 (7.713255662957896,76.5769648283861)
		 (7.341794684970265,76.5769648283861)
		 (7.341794684970265,77.32598890920553)
		 (7.00419833104161,77.32598890920553)
		 (7.00419833104161,77.76835578340894)
		 (6.947883647342583,77.76835578340894)
		 (6.947883647342583,77.90781368228843)
		 (6.585839945175493,77.90781368228843)
		 (6.585839945175493,78.26770494044119)
		 (6.441726434209092,78.26770494044119)
		 (6.441726434209092,78.96124668865049)
		 (6.311596521875165,78.96124668865049)
		 (6.311596521875165,79.26565500162764)
		 (6.251763440463621,79.26565500162764)
		 (6.251763440463621,79.73651318032141)
		 (5.443015317690867,79.73651318032141)
		 (5.443015317690867,79.98618797889623)
		 (5.376238335890153,79.98618797889623)
		 (5.376238335890153,80.26360427180236)
		 (5.323443501407907,80.26360427180236)
		 (5.323443501407907,80.59650415319034)
		 (4.440974496445276,80.59650415319034)
		 (4.440974496445276,80.92865411045358)
		 (3.8445422238349996,80.92865411045358)
		 (3.8445422238349996,81.37252033880524)
		 (3.666471240194476,81.37252033880524)
		 (3.666471240194476,82.18527526380373)
		 (3.432082669751289,82.18527526380373)
		 (3.432082669751289,82.48143641630497)
		 (2.949136140350905,82.48143641630497)
		 (2.949136140350905,83.14648544145126)
		 (2.8038832142375902,83.14648544145126)
		 (2.8038832142375902,84.21791339378058)
		 (2.770969358665977,84.21791339378058)
		 (2.770969358665977,86.73115585043574)
		 (2.6771773530760514,86.73115585043574)
		 (2.6771773530760514,87.2477508143241)
		 (2.494345501200652,87.2477508143241)
		 (2.494345501200652,87.80258370004601)
		 (2.3021951208832445,87.80258370004601)
		 (2.3021951208832445,88.28243879089227)
		 (2.124028339198317,88.28243879089227)
		 (2.124028339198317,88.68956654303116)
		 (2.044312827371881,88.68956654303116)
		 (2.044312827371881,89.46483240489174)
		 (1.8580583757332338,89.46483240489174)
		 (1.8580583757332338,90.3503163293474)
		 (1.7948955895943228,90.3503163293474)
		 (1.7948955895943228,92.18726423473068)
		 (0.9406797244304804,92.18726423473068)
		 (0.9406797244304804,99.50955758877814)
		 (0.871618106604297,99.50955758877814)
		 (0.871618106604297,100.82391079312889)
		 (-0.04585634264773692,100.82391079312889)